0,1 
0,5 1,1 19,1 47,89 49,1 201,89 
0,2 1,8 19,1 47,16 49,1 201,16 
0,4 1,1 19,1 47,4 49,5 201,4 
0,1 1,1 19,1 47,1 201,1 
0,1 1,1 19,1 47,2 201,2 
0,1 1,1 19,1 47,7 201,7 
0,1 1,1 19,1 47,8 49,1 201,8 
0,1 47,4 201,4 
0,1 1,1 19,2 47,4 201,4 
0,9 49,2 
0,1 1,2 19,1 47,4 201,4 
0,1 1,1 19,1 47,4 49,2 201,4 
0,1 1,1 19,1 47,7 201,7 
0,1 1,1 19,1 47,1 201,1 
0,1 1,1 19,1 47,1 201,1 
0,1 19,3 47,3 201,3 
0,1 1,4 19,2 47,2 49,1 201,2 
0,1 
0,1 
0,1 
0,1 
0,1 1,3 47,5 201,5 
0,1 19,1 47,7 201,7 
0,4 47,4 201,4 
0,4 47,10 49,2 201,10 
0,2 1,4 47,15 201,15 
0,2 47,1 201,1 
0,1 19,3 47,4 201,4 
0,1 47,9 201,9 
0,1 1,1 47,1 201,1 
0,1 47,3 49,1 201,3 
0,1 
0,1 
0,1 1,2 19,2 47,9 201,9 
0,1 
0,1 47,2 201,2 
0,5 47,41 201,41 
0,3 47,1 201,1 
0,1 
0,2 
0,2 1,1 47,10 201,10 
0,2 47,2 201,2 
0,2 19,10 47,20 201,20 
0,1 47,1 201,1 
0,1 47,2 49,2 201,2 
0,2 47,6 201,6 
0,3 1,1 47,1 201,1 
0,1 49,2 
0,1 
0,1 
0,1 
0,2 
0,1 47,1 201,1 
0,2 
0,1 19,2 47,3 201,3 
0,1 
0,1 47,1 201,1 
0,3 1,5 19,1 47,2 201,2 
0,1 
0,1 1,2 47,1 201,1 
0,1 47,2 201,2 
0,2 
0,1 
0,1 
0,1 
0,1 47,3 201,3 
0,1 47,1 201,1 
0,1 19,2 
0,1 47,1 201,1 
0,4 1,1 47,26 49,4 201,26 
0,1 49,4 
0,1 
0,1 19,1 47,3 49,8 201,3 
0,1 47,4 49,1 201,4 
0,1 47,1 49,2 201,1 
0,1 
0,3 19,1 47,1 201,1 
0,2 1,1 
0,11 1,3 19,3 49,4 
0,1 
0,2 1,5 19,2 47,20 49,6 201,20 
0,1 
0,1 
0,1 
0,2 47,1 49,2 201,1 
0,2 
0,5 47,1 201,1 
0,1 
0,1 
0,2 47,1 49,1 201,1 
0,1 
0,4 
0,1 
0,1 1,3 47,1 49,3 201,1 
0,1 
0,1 
0,1 47,2 201,2 
0,2 
0,2 
0,1 
0,2 
0,2 
0,1 
0,3 
0,1 
0,1 
0,1 47,5 201,5 
0,1 
0,1 
0,1 49,1 
0,2 47,2 201,2 
0,1 1,1 19,1 
0,2 47,2 49,1 201,2 
0,1 1,1 
0,1 
0,1 
0,1 
0,1 
0,1 89,1 
0,1 
0,1 
0,1 
0,1 
0,1 
0,1 
0,1 
0,1 
0,1 47,4 201,4 
0,1 47,1 201,1 
0,1 47,2 201,2 
0,9 49,4 
0,1 
0,1 
0,1 
0,1 
0,2 
0,1 
0,5 47,2 201,2 
0,1 1,1 
0,2 1,1 19,1 47,1 201,1 
0,1 
0,1 47,1 201,1 
0,1 
0,1 
0,1 
0,1 
0,1 19,1 47,1 201,1 
0,1 
0,1 
0,1 
0,1 47,1 49,1 201,1 
0,1 47,2 201,2 
0,1 
0,1 
0,1 49,1 
0,1 
0,1 
0,1 47,2 201,2 
0,1 
0,1 
0,1 
0,1 49,2 
0,1 47,2 201,2 
0,1 
0,1 
0,1 47,5 49,2 201,5 
0,1 
0,1 1,1 19,1 47,1 49,1 201,1 
0,1 1,1 
0,1 1,2 19,2 47,3 49,3 201,3 
0,1 1,2 19,2 47,20 49,3 201,20 
0,1 1,1 19,1 47,1 49,1 201,1 
0,1 1,1 19,1 47,1 49,1 201,1 
0,1 1,1 19,1 47,2 201,2 
0,1 
0,1 
0,1 47,9 201,9 
0,1 47,2 201,2 
0,1 49,1 
0,1 1,4 19,3 47,3 49,1 201,3 
1,1 
1,1 47,1 201,1 
1,1 47,1 201,1 
1,1 
1,1 
1,1 
1,13 
1,1 
1,1 19,2 
1,1 47,1 201,1 
1,1 
1,1 
1,3 47,3 201,3 
1,1 
1,1 
1,2 
1,1 
1,1 47,3 201,3 
1,1 
1,1 
1,1 
1,1 
1,1 
1,2 47,4 201,4 
1,1 
1,1 
1,1 
1,2 47,4 201,4 
1,1 
1,1 
1,1 
1,2 47,20 201,20 
1,1 
1,1 
1,1 
1,2 
1,1 
1,2 47,11 201,11 
1,1 47,1 201,1 
1,2 47,6 201,6 
1,1 
1,1 19,1 
1,1 47,2 201,2 
1,1 
1,1 49,5 
1,4 47,1 201,1 
1,1 47,4 49,5 201,4 
1,2 49,2 
1,1 
1,1 
1,1 
1,1 
1,1 
1,1 
1,1 49,4 
1,1 47,1 201,1 
1,1 49,3 
1,6 
1,1 
1,1 
1,1 
1,1 
1,2 19,1 
1,1 
1,1 
1,1 
1,1 
1,1 
1,1 
1,1 
1,1 
1,1 47,2 201,2 
1,2 
1,1 47,1 201,1 
1,1 47,5 201,5 
1,1 47,2 201,2 
1,1 
1,1 
1,1 
1,1 47,1 201,1 
1,1 
1,2 47,9 49,3 201,9 
1,1 
1,1 
1,1 
1,1 19,1 47,2 201,2 
1,1 
1,2 
1,2 
1,2 
1,1 49,3 
1,1 19,2 
1,1 
1,1 
1,2 19,1 
1,1 
1,1 
1,1 
1,1 47,2 201,2 
1,1 19,1 
1,1 19,1 
1,1 19,1 47,7 201,7 
1,1 
1,1 
1,1 47,1 201,1 
1,1 47,8 201,8 
1,1 19,1 47,8 49,1 201,8 
1,1 47,3 49,1 201,3 
1,1 
1,1 19,1 
1,1 
1,1 47,1 201,1 
1,1 47,1 201,1 
1,1 
1,1 47,3 201,3 
1,1 49,1 
1,1 
1,1 
1,1 
1,1 19,1 47,5 201,5 
1,1 
1,2 47,1 201,1 
1,1 
1,2 
1,1 47,2 49,1 201,2 
1,1 19,2 47,8 49,1 201,8 
1,1 
1,1 19,1 47,1 201,1 
1,1 19,1 47,1 201,1 
2,1 3,1 4,1 6,1 7,1 9,1 10,1 12,1 13,1 14,1 18,1 20,1 27,1 43,1 45,1 50,1 51,1 53,1 54,1 56,1 57,1 58,1 59,1 60,1 61,1 62,1 63,1 64,1 65,1 66,1 67,1 68,1 69,1 70,1 71,1 72,1 73,1 74,1 75,1 76,1 77,1 78,1 79,1 80,1 81,1 82,1 83,1 84,1 85,1 86,1 88,1 90,1 91,1 93,1 94,1 95,1 97,1 98,1 99,1 100,1 101,1 102,1 103,1 104,1 105,1 106,1 107,1 108,1 109,1 110,1 111,1 112,1 113,1 114,1 115,1 116,1 117,1 118,1 119,1 120,1 121,1 122,1 123,1 124,1 125,1 126,1 127,1 128,1 129,1 130,1 131,1 132,1 133,1 134,1 135,1 136,1 137,1 138,1 139,1 140,1 141,1 142,1 143,1 144,1 145,1 146,1 147,1 148,1 149,1 150,1 151,1 152,1 153,1 154,1 155,1 156,1 157,1 158,1 159,1 160,1 161,1 162,1 163,1 164,1 165,1 166,1 167,1 168,1 169,1 170,1 171,1 172,1 173,1 174,1 175,1 176,1 177,1 178,1 179,1 180,1 181,1 182,1 183,1 184,1 185,1 186,1 187,1 188,1 189,1 190,1 191,1 192,1 193,1 194,1 195,1 196,1 197,1 198,1 199,1 200,1 202,1 
2,1 3,2 4,2 6,2 7,2 9,2 10,2 12,2 13,2 14,2 18,2 20,2 27,2 43,2 45,2 50,2 51,2 53,2 54,2 56,2 57,2 58,2 59,2 60,2 61,2 62,2 63,2 64,2 65,2 66,2 67,2 68,2 69,2 70,2 71,2 72,2 73,2 74,2 75,2 76,2 77,2 78,2 79,2 80,2 81,2 82,2 83,2 84,2 85,2 86,2 88,2 90,2 91,2 93,2 94,2 95,2 97,2 98,2 99,2 100,2 101,2 102,1 103,2 104,2 105,2 106,2 107,2 108,2 109,2 110,1 111,2 112,2 113,2 114,2 115,2 116,2 117,2 118,2 119,2 120,2 121,2 122,2 123,2 124,2 125,2 126,2 127,2 128,2 129,2 130,2 131,2 132,2 133,2 134,2 135,2 136,2 137,2 138,2 139,2 140,2 141,2 142,2 143,2 144,2 145,2 146,2 147,2 148,2 149,2 150,2 151,2 152,2 153,2 154,1 155,2 156,2 157,2 158,2 159,2 160,2 161,2 162,2 163,2 164,2 165,2 166,2 167,2 168,2 169,2 170,2 171,2 172,2 173,2 174,2 175,2 176,2 177,2 178,2 179,2 180,2 181,2 182,2 183,2 184,2 185,2 186,2 187,2 188,2 189,2 190,2 191,2 192,2 193,2 194,2 195,2 196,1 197,2 198,2 199,2 200,2 202,2 
3,1 4,1 7,1 9,1 10,1 12,1 14,1 18,1 20,1 27,1 43,1 45,1 50,1 51,1 53,1 54,1 56,1 57,1 58,1 59,1 60,1 61,1 62,1 63,1 64,1 65,1 66,1 67,1 68,1 69,1 70,1 71,1 72,1 73,1 74,1 76,1 77,1 78,1 79,1 80,1 81,1 82,1 83,1 84,1 85,1 86,1 88,1 90,1 91,1 93,1 94,1 95,1 98,1 99,1 100,1 101,1 104,1 105,1 106,1 107,1 109,1 112,1 113,1 114,1 115,1 116,1 117,1 118,1 119,1 120,1 122,1 123,1 124,1 125,1 126,1 127,1 128,1 129,1 130,1 131,1 132,1 133,1 134,1 135,1 136,1 137,1 138,1 139,1 140,1 141,1 142,1 143,1 144,1 145,1 146,1 147,1 148,1 149,1 150,1 151,1 152,1 153,1 155,1 156,1 157,1 158,1 159,1 160,1 161,1 162,1 163,1 164,1 165,1 166,1 167,1 168,1 169,1 170,1 171,1 172,1 173,1 174,1 175,1 176,1 177,1 178,1 179,1 180,1 181,1 182,1 183,1 184,1 185,1 186,1 187,1 188,1 189,1 190,1 191,1 192,1 193,1 194,1 197,1 198,1 199,1 200,1 202,1 
3,1 4,1 7,1 9,1 10,1 12,1 14,1 18,1 20,1 27,1 43,1 45,1 50,1 51,1 53,1 54,1 56,1 57,1 58,1 59,1 60,1 61,1 62,1 63,1 64,1 65,1 66,1 67,1 68,1 69,1 70,1 71,1 72,1 73,1 74,1 76,1 77,1 78,1 79,1 80,1 81,1 82,1 83,1 84,1 85,1 86,1 88,1 90,1 91,1 93,1 94,1 95,1 98,1 99,1 100,1 101,1 104,1 105,1 106,1 107,1 109,1 112,1 113,1 114,1 115,1 116,1 117,1 118,1 119,1 120,1 122,1 123,1 124,1 125,1 126,1 127,1 128,1 129,1 130,1 131,1 132,1 133,1 134,1 135,1 136,1 137,1 138,1 139,1 140,1 141,1 142,1 143,1 144,1 145,1 146,1 147,1 148,1 149,1 150,1 151,1 152,1 153,1 155,1 156,1 157,1 158,1 159,1 160,1 161,1 162,1 163,1 164,1 165,1 166,1 167,1 168,1 169,1 170,1 171,1 172,1 173,1 174,1 175,1 176,1 177,1 178,1 179,1 180,1 181,1 182,1 183,1 184,1 185,1 186,1 187,1 188,1 189,1 190,1 191,1 192,1 193,1 194,1 197,1 198,1 199,1 200,1 202,1 
3,1 4,1 7,1 9,1 10,1 12,1 14,1 15,1 16,1 18,1 20,1 27,1 43,1 45,1 47,3 49,4 50,1 51,1 52,1 53,1 54,1 55,1 56,1 57,1 58,1 59,1 60,1 61,1 62,1 63,1 64,1 65,1 66,1 67,1 68,1 69,1 70,1 71,1 72,1 73,1 74,1 76,1 77,1 78,1 79,1 80,1 81,1 82,1 83,1 84,1 85,1 86,1 88,1 90,1 91,1 93,1 94,1 95,1 98,1 99,1 100,1 101,1 104,1 105,1 106,1 107,1 109,1 112,1 113,1 114,1 115,1 116,1 117,1 118,1 119,1 120,1 122,1 123,1 124,1 125,1 126,1 127,1 128,1 129,1 130,1 131,1 132,1 133,1 134,1 135,1 136,1 137,1 138,1 139,1 140,1 141,1 142,1 143,1 144,1 145,1 146,1 147,1 148,1 149,1 150,1 151,1 152,1 153,1 155,1 156,1 157,1 158,1 159,1 160,1 161,1 162,1 163,1 164,1 165,1 166,1 167,1 168,1 169,1 170,1 171,1 172,1 173,1 174,1 175,1 176,1 177,1 178,1 179,1 180,1 181,1 182,1 183,1 184,1 185,1 186,1 187,1 188,1 189,1 190,1 191,1 192,1 193,1 194,1 197,1 198,1 199,1 200,1 201,3 202,1 
3,1 4,1 7,1 9,1 10,2 12,1 14,1 18,1 20,1 27,1 43,1 45,1 50,1 51,1 53,1 54,1 56,1 57,1 58,1 59,1 60,1 61,1 62,1 63,1 64,1 65,1 66,1 67,1 68,1 69,1 70,1 71,1 72,1 73,1 74,1 76,2 77,2 78,1 79,1 80,2 81,1 82,1 83,2 84,1 85,2 86,1 88,1 90,2 91,1 93,1 94,2 95,1 98,1 99,1 100,1 101,2 104,1 105,1 106,1 107,1 109,1 112,1 113,1 114,1 115,1 116,1 117,1 118,1 119,1 120,1 122,1 123,1 124,1 125,1 126,1 127,1 128,1 129,1 130,1 131,1 132,1 133,1 134,1 135,1 136,1 137,1 138,1 139,1 140,1 141,1 142,1 143,1 144,1 145,1 146,1 147,1 148,1 149,1 150,1 151,1 152,1 153,1 155,1 156,1 157,1 158,1 159,1 160,1 161,1 162,1 163,1 164,1 165,1 166,1 167,1 168,1 169,1 170,1 171,1 172,1 173,1 174,1 175,1 176,1 177,1 178,1 179,1 180,1 181,1 182,1 183,1 184,1 185,1 186,1 187,1 188,1 189,1 190,1 191,1 192,1 193,1 194,1 197,1 198,1 199,1 200,1 202,1 
3,1 4,1 7,1 9,1 10,1 12,1 14,1 18,1 20,1 27,1 43,1 45,1 50,1 51,1 53,1 54,1 56,1 57,1 58,1 59,1 60,1 61,1 62,1 63,1 64,1 65,1 66,1 67,1 68,1 69,1 70,1 71,1 72,1 73,1 74,1 76,1 77,1 78,1 79,1 80,1 81,1 82,1 83,1 84,1 85,1 86,1 88,1 90,1 91,1 93,1 94,1 95,1 98,1 99,1 100,1 101,1 104,1 105,1 106,1 107,1 109,1 112,1 113,1 114,1 115,1 116,1 117,1 118,1 119,1 120,1 122,1 123,1 124,1 125,1 126,1 127,1 128,1 129,1 130,1 131,1 132,1 133,1 134,1 135,1 136,1 137,1 138,1 139,1 140,1 141,1 142,1 143,1 144,1 145,1 146,1 147,1 148,1 149,1 150,1 151,1 152,1 153,1 155,1 156,1 157,1 158,1 159,1 160,1 161,1 162,1 163,1 164,1 165,1 166,1 167,1 168,1 169,1 170,1 171,1 172,1 173,1 174,1 175,1 176,1 177,1 178,1 179,1 180,1 181,1 182,1 183,1 184,1 185,1 186,1 187,1 188,1 189,1 190,1 191,1 192,1 193,1 194,1 197,1 198,1 199,1 200,1 202,1 
6,1 13,1 75,1 97,1 103,1 108,1 111,1 121,1 195,1 
6,1 13,1 75,1 97,1 103,1 108,1 111,1 121,1 195,1 
6,1 13,1 49,1 75,1 97,1 103,1 108,1 111,1 121,1 195,1 
6,1 13,1 75,1 97,1 103,1 108,1 111,1 121,1 195,1 
6,1 13,1 49,1 75,1 97,1 103,1 108,1 111,1 121,1 195,1 
10,1 76,1 77,1 80,1 83,1 85,1 90,1 94,1 101,1 
10,1 76,1 77,1 80,1 83,1 85,1 90,1 94,1 101,1 
10,1 
10,1 76,1 77,1 80,1 83,1 85,1 90,1 94,1 101,1 
10,1 76,1 77,1 80,1 83,1 85,1 90,1 94,1 101,1 
11,1 
11,1 47,16 201,16 
11,1 
15,1 16,1 52,1 55,1 
15,1 16,1 19,1 47,2 49,1 52,1 55,1 201,2 
19,2 47,1 201,1 
19,4 
19,1 
19,1 
19,2 47,2 201,2 
19,1 47,2 49,2 201,2 
19,1 
19,1 47,2 201,2 
19,1 
19,2 47,3 49,2 201,3 
19,1 
19,1 47,2 201,2 
19,1 
19,1 
19,1 49,1 
19,1 47,3 201,3 
19,1 47,1 201,1 
19,1 47,4 49,1 201,4 
19,1 
19,1 
19,1 
19,1 47,1 201,1 
19,1 
19,1 47,2 201,2 
19,1 
19,1 47,1 201,1 
19,1 
19,1 47,2 201,2 
19,1 
19,2 
19,1 
19,2 
19,1 
19,2 47,5 201,5 
19,3 
19,2 47,1 49,1 201,1 
19,1 
19,1 
19,1 
19,1 47,1 201,1 
19,1 
19,1 47,1 201,1 
19,1 47,3 201,3 
19,1 
19,3 47,4 49,4 201,4 
19,1 
19,1 47,1 201,1 
19,1 
19,1 49,6 
19,1 
19,1 
47,1 201,1 
47,16 201,16 
47,6 201,6 
47,2 201,2 
47,1 201,1 
47,1 201,1 
47,1 201,1 
47,4 201,4 
47,2 201,2 
47,2 201,2 
47,1 201,1 
47,3 201,3 
47,2 201,2 
47,2 201,2 
47,1 201,1 
47,2 201,2 
47,6 201,6 
47,1 201,1 
47,1 201,1 
47,4 201,4 
47,1 201,1 
47,4 49,1 201,4 
47,4 201,4 
47,1 201,1 
47,2 201,2 
47,2 201,2 
47,4 201,4 
47,3 201,3 
47,2 201,2 
47,5 201,5 
47,2 201,2 
47,1 201,1 
47,1 201,1 
47,1 201,1 
47,13 201,13 
47,1 201,1 
47,1 201,1 
47,1 201,1 
47,1 201,1 
47,1 201,1 
47,1 201,1 
47,2 201,2 
47,1 201,1 
47,3 201,3 
47,9 201,9 
47,3 201,3 
47,11 201,11 
47,5 201,5 
47,4 201,4 
47,2 201,2 
47,3 201,3 
47,2 201,2 
47,4 201,4 
47,5 201,5 
47,7 49,2 201,7 
47,1 201,1 
47,1 201,1 
47,4 201,4 
47,1 201,1 
47,1 201,1 
47,1 201,1 
47,11 201,11 
47,1 201,1 
47,3 201,3 
47,1 201,1 
47,1 201,1 
47,1 201,1 
47,1 49,1 201,1 
47,1 201,1 
47,1 201,1 
47,2 201,2 
47,2 49,2 201,2 
47,2 201,2 
47,1 201,1 
47,4 201,4 
47,4 201,4 
47,2 201,2 
47,2 201,2 
47,1 201,1 
47,1 201,1 
47,3 201,3 
47,4 201,4 
47,2 201,2 
47,4 201,4 
47,8 201,8 
47,3 201,3 
47,2 201,2 
47,2 201,2 
47,2 201,2 
47,2 201,2 
47,1 201,1 
47,1 201,1 
47,5 201,5 
47,2 201,2 
47,2 201,2 
47,1 201,1 
47,3 201,3 
47,6 201,6 
47,2 201,2 
47,1 201,1 
47,4 201,4 
47,1 201,1 
47,1 201,1 
47,2 89,1 201,2 
47,4 201,4 
47,2 201,2 
47,1 201,1 
47,1 201,1 
47,8 201,8 
47,1 201,1 
47,1 201,1 
47,1 201,1 
47,1 201,1 
47,1 201,1 
47,1 201,1 
47,2 201,2 
47,1 201,1 
47,1 201,1 
47,2 201,2 
47,1 201,1 
47,1 201,1 
47,1 201,1 
47,1 201,1 
47,1 201,1 
47,1 201,1 
47,1 201,1 
47,1 201,1 
47,1 49,1 201,1 
47,5 201,5 
47,2 201,2 
47,1 201,1 
47,1 201,1 
47,1 201,1 
47,1 201,1 
47,5 201,5 
47,1 201,1 
47,3 49,1 201,3 
47,1 201,1 
47,4 201,4 
47,4 201,4 
47,3 201,3 
47,3 49,1 201,3 
47,1 201,1 
47,1 201,1 
47,1 201,1 
47,2 201,2 
47,2 201,2 
47,3 201,3 
47,2 201,2 
47,2 201,2 
47,3 201,3 
47,3 201,3 
47,3 201,3 
47,4 201,4 
47,1 201,1 
47,1 201,1 
47,4 201,4 
47,1 201,1 
47,1 201,1 
47,2 201,2 
47,1 201,1 
47,3 201,3 
47,1 201,1 
47,2 201,2 
47,1 201,1 
47,1 201,1 
47,1 201,1 
47,6 201,6 
47,1 201,1 
47,1 201,1 
47,1 201,1 
47,1 201,1 
47,1 201,1 
47,1 201,1 
47,1 201,1 
47,1 201,1 
47,1 201,1 
47,1 201,1 
47,5 201,5 
47,1 201,1 
47,2 201,2 
47,1 201,1 
47,2 201,2 
47,2 201,2 
47,5 201,5 
47,1 201,1 
47,1 201,1 
47,1 201,1 
47,4 201,4 
47,2 201,2 
47,1 201,1 
47,1 201,1 
47,2 201,2 
47,1 201,1 
47,2 201,2 
47,1 201,1 
47,1 201,1 
47,2 201,2 
47,4 201,4 
47,3 201,3 
47,1 201,1 
47,1 201,1 
47,1 201,1 
47,1 201,1 
47,1 201,1 
47,1 201,1 
47,1 201,1 
47,1 201,1 
47,1 201,1 
47,2 201,2 
47,3 201,3 
47,1 201,1 
47,2 49,2 201,2 
47,2 201,2 
47,3 201,3 
47,1 201,1 
47,1 201,1 
47,3 201,3 
47,1 201,1 
47,1 201,1 
47,1 201,1 
47,1 201,1 
47,1 201,1 
47,2 201,2 
47,1 201,1 
47,1 201,1 
47,1 201,1 
47,1 201,1 
47,1 201,1 
47,1 201,1 
47,1 201,1 
47,3 201,3 
47,1 201,1 
47,1 201,1 
47,1 201,1 
47,1 201,1 
47,2 201,2 
47,1 201,1 
47,1 201,1 
47,1 201,1 
47,1 201,1 
47,1 201,1 
47,1 201,1 
47,1 201,1 
47,3 49,1 201,3 
47,3 201,3 
47,1 201,1 
47,3 201,3 
47,3 201,3 
47,1 201,1 
47,1 201,1 
47,2 201,2 
47,1 201,1 
47,1 201,1 
47,3 201,3 
47,1 201,1 
47,1 201,1 
47,2 201,2 
47,1 201,1 
47,1 201,1 
47,1 49,1 201,1 
47,1 201,1 
47,1 201,1 
47,1 201,1 
47,1 201,1 
47,1 201,1 
47,1 201,1 
47,1 201,1 
47,1 201,1 
47,1 49,4 201,1 
47,2 201,2 
47,1 201,1 
47,1 201,1 
47,1 201,1 
47,1 201,1 
47,1 201,1 
47,2 201,2 
47,1 201,1 
47,1 201,1 
47,1 201,1 
47,1 201,1 
47,1 201,1 
47,1 201,1 
47,2 201,2 
47,2 49,2 201,2 
47,2 201,2 
47,3 201,3 
47,4 201,4 
47,2 201,2 
47,1 201,1 
47,1 201,1 
47,1 201,1 
47,1 201,1 
47,2 201,2 
47,3 201,3 
47,4 201,4 
47,1 201,1 
47,2 201,2 
47,1 201,1 
47,1 201,1 
47,1 201,1 
47,1 201,1 
47,2 201,2 
47,1 201,1 
47,2 201,2 
47,1 49,1 201,1 
47,5 201,5 
47,1 49,3 201,1 
47,1 201,1 
47,1 201,1 
47,1 201,1 
47,1 201,1 
47,1 201,1 
47,1 201,1 
47,1 201,1 
47,3 201,3 
47,1 201,1 
47,6 201,6 
47,2 201,2 
47,2 201,2 
47,2 201,2 
47,1 201,1 
47,3 201,3 
47,2 201,2 
47,2 201,2 
47,1 201,1 
47,1 201,1 
47,2 201,2 
47,1 49,1 201,1 
47,1 201,1 
47,2 201,2 
47,1 201,1 
47,1 201,1 
47,1 201,1 
47,1 49,1 201,1 
47,1 201,1 
47,1 201,1 
47,1 201,1 
47,1 201,1 
47,1 201,1 
47,1 201,1 
47,1 201,1 
47,1 201,1 
47,1 201,1 
47,1 201,1 
47,1 201,1 
47,1 201,1 
47,3 201,3 
47,1 201,1 
47,1 201,1 
47,1 201,1 
47,1 201,1 
47,2 201,2 
47,2 201,2 
47,1 201,1 
47,1 201,1 
47,1 201,1 
47,3 201,3 
47,1 201,1 
47,1 201,1 
47,1 201,1 
47,1 201,1 
47,1 201,1 
47,1 201,1 
47,1 201,1 
47,1 201,1 
47,1 201,1 
47,1 201,1 
47,1 201,1 
47,1 201,1 
47,1 201,1 
47,1 201,1 
47,2 201,2 
47,1 201,1 
47,3 201,4 
47,2 201,2 
47,4 201,4 
47,3 201,3 
47,3 201,3 
47,2 49,1 201,2 
47,2 201,2 
47,2 201,2 
47,1 201,1 
47,1 201,1 
47,1 201,1 
47,1 201,1 
47,4 201,4 
47,1 
47,1 49,1 201,1 
47,1 201,1 
47,2 201,2 
47,3 201,3 
47,1 201,1 
47,2 201,2 
47,2 201,2 
47,2 49,1 201,2 
47,1 201,1 
47,1 201,1 
47,1 201,1 
47,2 201,2 
47,1 201,1 
47,1 201,1 
47,1 201,1 
47,1 201,1 
47,1 201,1 
47,1 201,1 
47,1 201,1 
47,1 201,1 
47,1 201,1 
47,1 201,1 
47,1 201,1 
47,1 201,1 
47,1 201,1 
47,1 201,1 
47,1 201,1 
47,1 201,1 
47,1 201,1 
47,1 201,1 
47,1 201,1 
47,1 201,1 
47,1 201,1 
47,2 201,2 
47,1 201,1 
47,1 201,1 
47,1 201,1 
47,1 201,1 
47,1 201,1 
47,1 201,1 
47,1 201,1 
47,1 201,1 
47,1 201,1 
47,1 201,1 
47,1 201,1 
47,1 201,1 
47,1 201,1 
47,1 201,1 
47,1 201,1 
47,1 201,1 
47,1 201,1 
47,1 201,1 
47,1 201,1 
47,1 201,1 
47,1 201,1 
47,1 201,1 
47,1 201,1 
47,6 201,6 
47,4 201,4 
47,1 
47,1 201,1 
47,1 201,1 
47,1 201,1 
47,1 201,1 
47,2 201,2 
47,1 201,1 
47,1 201,1 
47,1 201,1 
47,1 201,1 
47,1 201,1 
47,1 201,1 
47,1 201,1 
47,1 201,1 
47,1 201,1 
47,1 201,1 
47,1 201,1 
47,1 201,1 
47,1 201,1 
47,2 201,2 
47,1 201,1 
47,1 201,1 
47,1 201,1 
47,1 49,1 201,1 
47,1 201,1 
47,2 201,2 
47,2 201,2 
47,2 201,2 
47,1 201,1 
47,1 201,1 
47,1 49,1 201,1 
47,1 201,1 
47,1 201,1 
47,1 201,1 
47,2 201,2 
47,2 201,2 
47,1 201,1 
47,2 201,2 
47,2 201,2 
47,1 201,1 
47,1 201,1 
47,1 201,1 
47,1 201,1 
47,1 201,1 
47,1 201,1 
47,1 201,1 
47,1 201,1 
47,1 201,1 
47,2 201,2 
47,1 201,1 
47,1 201,1 
47,1 201,1 
47,1 201,1 
47,1 201,1 
47,1 201,1 
47,1 201,1 
47,1 201,1 
47,4 201,4 
47,2 201,2 
47,2 201,2 
47,2 201,2 
47,2 201,2 
47,1 201,1 
47,1 201,1 
47,1 201,1 
47,1 201,1 
47,1 201,1 
47,2 201,2 
47,1 201,1 
47,1 49,1 201,1 
47,1 201,1 
47,1 201,1 
47,1 201,1 
47,3 201,3 
47,2 201,2 
47,1 201,1 
47,1 49,1 201,1 
47,1 201,1 
47,1 201,1 
47,1 201,1 
47,1 201,1 
47,1 201,1 
47,1 201,1 
47,1 49,1 201,1 
47,2 201,2 
47,1 201,1 
47,1 201,1 
47,1 
47,1 201,1 
47,1 201,1 
47,1 201,1 
49,1 
49,1 
49,1 
49,2 
49,3 
49,1 
49,1 
49,1 
49,1 
49,1 
49,1 
49,1 
49,1 
49,1 
49,1 
49,1 
49,1 
49,5 
49,2 
49,1 
49,3 
49,1 
49,1 
49,5 
49,5 
49,1 
49,4 
49,1 
49,1 
49,2 
49,2 
49,1 
49,2 
49,1 
49,1 
49,1 
49,1 
49,1 
49,1 
49,1 
49,1 
49,1 
49,3 
49,2 
49,2 
49,3 
49,3 
49,3 
49,1 
49,2 
49,2 
49,2 
49,3 
49,1 
49,3 
49,3 
49,2 
49,2 
49,1 
49,1 
49,1 
49,1 
49,1 
49,1 
49,1 
49,1 
49,1 
49,3 
49,1 
49,1 
49,1 
49,1 
49,1 
49,1 
49,1 
49,1 
49,1 
49,1 
49,1 
49,1 
49,1 
49,1 
49,1 
49,1 
49,1 
49,3 
49,1 
49,1 
49,1 
49,2 
49,2 
49,1 
49,1 
49,1 
49,1 
49,1 
49,2 
49,4 
49,2 
49,2 
49,1 
49,1 
49,1 
49,1 
49,1 
49,1 
49,1 
49,1 
49,1 
49,1 
49,1 
49,1 
49,1 
49,1 
49,1 
49,1 
49,1 
49,1 
49,2 
49,1 
49,1 
49,1 
49,3 
49,1 
49,1 
49,1 
49,1 
49,1 
49,1 
49,1 
49,1 
49,1 
49,2 
49,1 
49,1 
76,1 
77,1 
80,1 83,1 
85,1 
101,1 
89,1 94,1 
90,1 
201,1 
