0,1 3,1 4,1 5,1 6,1 7,1 8,1 9,1 11,1 12,1 14,1 15,1 16,1 17,1 18,1 19,1 20,1 21,1 22,1 23,1 24,1 25,1 26,1 27,1 28,1 29,1 30,1 31,1 32,1 33,1 34,1 35,1 36,1 37,1 38,1 39,1 40,1 41,1 42,1 43,1 44,1 45,1 46,1 47,1 48,1 49,1 50,1 51,1 53,1 54,1 55,1 56,1 57,1 58,1 59,1 60,1 61,1 62,1 63,1 64,1 65,1 66,1 67,1 68,1 69,1 70,1 71,1 72,1 76,1 
1,1 73,1 74,1 77,1 78,1 79,1 80,1 81,1 82,1 83,1 84,1 85,1 86,1 87,1 88,1 89,1 90,2 91,1 92,2 94,1 95,1 98,2 100,2 101,1 103,1 105,1 
1,21 52,2 73,14 74,11 78,2 79,1 81,2 82,2 83,11 86,2 88,18 89,1 90,1 92,1 94,8 95,2 98,1 100,1 101,1 103,1 105,2 
1,8 2,1 52,1 73,2 74,4 75,1 77,1 78,5 79,9 81,7 82,3 86,8 88,10 101,3 
1,3 52,1 73,2 74,3 78,1 79,1 81,1 82,1 86,1 88,4 95,1 
1,3 73,1 74,1 78,2 79,3 81,3 82,3 86,4 88,4 95,4 101,2 
1,9 2,3 52,1 73,7 74,7 77,4 78,7 79,9 81,17 82,8 86,8 88,24 95,8 101,9 
1,1 73,1 74,1 78,1 79,1 81,1 82,1 86,1 88,1 95,1 101,1 
1,3 73,3 74,3 75,1 77,1 78,3 79,4 81,3 82,3 86,3 88,2 95,3 101,3 
1,2 73,2 74,2 75,1 78,2 79,2 81,2 82,2 86,2 88,3 95,2 101,2 
1,1 75,1 78,3 79,1 81,1 82,2 86,1 88,1 95,1 101,1 
1,1 77,2 79,1 81,1 82,1 88,1 95,1 101,1 
1,1 52,1 73,2 74,1 78,2 79,1 81,3 82,5 86,1 95,1 101,1 
1,2 
1,13 2,1 52,3 73,4 74,1 79,1 81,3 88,15 101,1 
1,5 2,1 73,1 74,2 79,3 80,2 81,2 82,5 83,2 84,2 85,2 86,3 87,2 88,17 89,2 90,4 91,3 92,1 94,4 98,2 100,2 101,1 103,1 105,3 
1,1 74,1 75,2 81,1 83,2 88,2 
1,1 
1,1 74,1 88,1 
1,4 52,3 73,1 74,1 75,1 77,2 78,2 79,2 81,2 82,1 83,1 86,1 88,3 95,1 101,3 
1,1 88,1 95,1 
1,1 74,1 75,2 77,1 81,1 88,4 95,2 101,2 
1,1 74,2 101,1 
1,2 2,2 74,2 77,1 95,1 
1,3 73,1 74,1 78,3 79,1 81,2 82,3 83,1 84,2 92,8 94,1 95,1 101,3 
1,2 52,1 78,1 81,1 
1,8 2,1 52,3 73,1 74,1 77,1 78,2 95,4 101,3 
1,1 52,1 
1,4 52,4 
1,3 52,3 
1,3 52,3 81,2 83,1 
1,3 52,3 
1,3 52,3 75,7 77,1 88,1 
1,1 52,1 
1,1 52,1 
1,1 52,1 
1,1 52,1 86,1 
1,1 52,1 
1,1 2,1 52,1 74,1 81,1 88,1 
1,5 52,5 81,1 
1,1 52,1 88,1 
1,2 52,2 
1,2 52,2 77,1 
1,2 52,2 77,1 81,1 82,1 86,1 87,1 91,1 92,1 94,1 95,1 
1,2 52,2 
1,3 52,3 
1,4 52,4 74,2 77,8 81,1 88,1 101,2 
1,1 52,1 
1,1 52,1 77,1 82,1 
1,1 52,1 84,2 
1,1 52,1 
1,1 52,1 74,5 77,1 88,1 101,1 
1,4 52,4 79,1 91,1 100,1 103,2 
1,2 52,2 
1,1 52,1 91,1 
1,1 52,1 
1,1 52,1 77,1 81,2 88,1 94,2 
1,1 52,1 
1,1 52,1 74,1 81,1 88,1 101,2 
1,1 52,2 75,1 77,2 88,1 
1,2 52,2 78,1 88,1 101,1 
1,1 52,1 74,1 77,2 78,1 83,1 84,1 88,1 94,2 101,1 
1,1 52,1 
1,1 52,1 81,1 
1,1 52,1 
1,1 52,1 
1,2 52,2 74,1 75,3 82,1 88,1 
1,3 52,1 77,1 78,4 81,2 82,1 86,2 88,4 
1,1 52,1 75,1 77,2 78,1 88,2 
1,5 52,5 88,1 
1,1 52,1 100,1 
1,1 52,1 87,1 
1,1 52,1 
1,1 52,1 
1,1 52,1 74,1 75,1 77,1 
1,1 52,1 81,1 
1,1 52,1 
1,1 52,1 
1,1 52,1 
1,1 52,1 
1,1 52,1 
1,1 52,1 
1,1 52,1 
1,1 52,1 
1,1 52,1 
1,1 52,1 
1,1 52,1 
1,1 52,1 
1,2 52,2 
1,1 52,1 74,5 89,1 91,1 
1,1 52,1 
1,1 52,1 
1,9 52,3 73,2 74,2 75,1 77,2 78,1 79,3 81,1 82,1 86,1 88,6 95,1 101,2 
1,1 52,1 81,1 
1,2 52,2 
1,1 52,1 
1,3 52,3 
1,6 52,2 78,1 88,1 
1,1 52,1 
1,1 52,1 
1,1 52,1 
1,2 52,2 
1,1 52,1 81,1 88,1 
1,1 52,1 
1,1 52,1 
1,2 52,1 77,1 
1,1 52,1 
1,1 52,1 
1,1 52,1 
1,1 52,1 
1,1 52,1 
1,2 52,2 74,1 
1,2 52,1 79,1 82,1 
1,1 52,1 
1,1 52,1 
1,1 52,1 
1,1 52,1 79,1 88,1 
1,1 52,1 89,1 
1,5 52,2 73,1 74,1 77,1 78,1 79,1 81,1 82,2 83,1 84,3 86,1 95,1 101,4 
1,1 52,1 
1,1 52,1 
1,2 52,1 
1,1 52,1 
1,1 52,1 
1,1 52,1 
1,4 52,1 81,1 82,1 88,1 
1,2 52,1 73,1 81,1 
1,1 75,1 88,1 
1,1 75,2 77,4 88,1 
1,5 52,1 75,3 77,4 78,12 79,3 81,3 82,4 86,7 88,6 95,2 101,4 
1,1 82,2 101,3 
1,3 52,1 73,3 74,6 75,3 77,10 78,3 79,2 81,1 86,1 
1,1 
1,1 
1,1 
1,1 
1,1 
1,1 
1,2 88,1 
1,1 
1,1 74,31 82,1 
1,1 74,1 77,2 
1,3 77,1 78,1 81,4 101,1 
1,1 
1,1 
1,1 2,2 74,1 75,3 79,1 88,1 
1,1 
1,1 
1,1 
1,1 2,2 74,1 77,5 100,1 
1,1 
1,1 
1,1 81,1 88,1 95,2 
1,1 
1,1 
1,1 88,1 
1,1 
1,1 
1,1 
1,2 52,1 
1,1 
1,1 
1,1 
1,1 
1,1 
1,1 
1,1 
1,2 77,1 78,5 79,2 81,1 82,1 86,4 90,1 95,1 101,2 
1,1 74,3 75,2 77,1 81,1 88,1 
1,1 101,1 
1,1 
1,3 73,1 74,1 75,3 77,8 78,4 79,1 81,1 82,3 85,1 86,3 87,1 88,2 90,1 92,1 95,3 101,1 
1,1 86,1 
1,1 88,1 
1,1 74,1 
1,1 
1,1 
1,1 
1,1 
1,2 52,1 
1,1 74,4 81,1 82,2 101,3 
1,2 78,3 
1,1 
1,1 
1,1 
1,1 52,1 
1,1 52,1 
1,3 52,2 
1,1 52,1 
1,1 52,1 
1,1 52,1 88,1 
1,1 52,1 
1,1 52,1 101,1 
1,1 52,1 
1,1 52,1 
1,1 52,1 
1,1 52,1 
1,1 52,1 
1,1 52,1 
1,1 52,1 
1,1 52,1 
1,1 52,1 77,1 79,1 81,1 
1,1 52,1 
1,1 52,1 
1,1 52,1 
1,1 52,1 75,2 81,4 88,6 95,2 
1,1 52,1 
1,1 52,1 
1,1 52,1 
1,1 52,1 
1,1 52,1 75,9 77,3 78,1 79,1 88,1 95,1 101,1 
1,1 52,1 
1,1 52,1 
1,1 52,1 92,1 
1,1 52,1 
1,1 52,1 
1,1 52,1 
1,1 52,1 
1,1 52,1 94,1 
1,1 2,1 10,1 13,1 52,1 73,1 74,8 75,3 77,7 79,3 82,2 88,2 
1,1 52,1 101,1 
1,1 52,1 
1,1 52,1 78,2 
1,1 52,1 
1,1 52,1 
1,1 52,1 
1,1 52,1 
1,1 52,1 
1,1 52,1 
1,1 52,1 77,1 
1,1 52,1 
1,2 52,2 88,1 
1,1 52,1 
1,1 52,1 
1,1 52,1 
1,1 52,1 
1,1 52,1 
1,3 52,1 73,1 74,1 75,1 77,1 78,1 81,1 88,1 101,4 
1,2 52,1 73,1 74,3 75,1 77,1 82,1 86,1 
1,6 2,6 52,1 73,2 74,70 75,1 77,5 78,6 79,6 81,4 82,2 86,3 88,4 95,3 101,6 
1,6 74,1 81,1 82,2 86,1 91,1 92,5 94,5 101,1 
1,3 74,2 81,1 83,1 84,2 85,1 89,1 90,4 91,1 92,1 94,1 103,1 
1,1 
1,1 
1,1 88,1 
1,3 74,1 75,1 78,2 81,1 82,6 83,2 84,2 86,2 87,1 88,2 89,1 91,1 94,1 98,1 101,1 103,2 
1,1 85,1 90,1 98,1 
1,2 83,1 
1,1 
1,1 
1,1 88,1 
1,1 
1,1 
1,1 
1,1 
1,2 79,2 
1,1 
1,1 
1,1 
1,1 
1,1 
1,2 74,1 
1,1 
1,1 
1,2 
1,1 
1,1 
1,2 
1,1 
1,1 
1,1 
1,2 77,4 
1,1 
1,1 
1,1 77,2 101,4 
1,1 88,1 101,1 
1,1 81,2 101,2 
1,1 77,1 101,2 
1,1 
1,1 
1,1 
1,1 74,1 
1,1 77,1 
1,1 81,1 
1,1 101,1 
1,1 78,1 
1,1 84,2 85,1 90,1 105,1 
1,1 83,1 
1,1 75,1 77,6 92,1 
1,1 101,1 
1,1 74,2 
1,1 84,1 
1,1 84,1 
1,2 73,1 74,5 77,3 78,1 79,1 81,1 82,1 86,1 95,1 101,1 
1,1 
1,1 
1,2 
1,1 
1,1 
1,1 83,1 98,1 100,1 103,1 
1,2 73,1 75,1 77,1 95,1 
1,1 
1,1 98,1 
1,1 
1,1 
1,1 81,1 88,1 
1,2 73,2 74,4 78,1 79,1 81,1 82,1 86,1 88,1 95,2 101,1 
1,1 
1,1 
1,1 79,1 88,1 
1,2 101,1 
1,1 74,2 82,1 83,1 84,2 87,2 89,1 90,1 92,1 94,2 
1,1 84,1 86,1 87,1 89,1 90,2 92,1 105,1 
1,3 2,1 73,1 74,2 78,2 81,4 82,3 86,6 88,1 101,1 
1,1 95,1 
1,1 81,1 86,1 105,1 
1,1 
1,1 
1,5 73,4 74,4 77,1 78,6 79,4 81,4 82,4 86,4 88,4 95,4 101,5 
1,2 
1,2 
1,1 
1,1 
1,1 
1,1 81,2 
1,1 
1,1 
1,1 
1,1 
1,1 
1,1 73,1 
1,1 
1,1 
1,1 
1,1 
1,1 84,1 103,1 
1,2 74,1 77,2 95,1 
1,1 
1,1 
1,1 
1,1 
1,1 
1,1 
1,1 78,1 
1,1 
1,1 
1,1 89,1 
1,1 
1,3 79,2 
1,3 73,1 74,4 75,7 77,2 78,6 79,1 81,3 82,2 86,5 88,1 95,5 101,3 
1,1 95,1 
1,4 73,1 74,2 75,2 77,3 78,12 79,3 81,5 82,6 86,14 88,3 95,3 101,2 
1,1 74,2 75,1 77,15 78,10 88,1 
1,2 75,2 78,1 82,1 86,2 
1,1 75,1 79,1 
1,2 77,2 
1,3 77,1 78,1 86,1 88,1 89,1 
1,2 73,2 74,2 75,2 77,7 78,8 79,3 81,2 82,4 86,1 88,7 95,4 101,3 105,1 
1,2 78,2 81,1 
1,1 75,1 77,3 82,1 88,1 103,1 
1,2 73,1 74,1 75,1 77,3 78,1 82,1 88,1 95,1 101,1 
1,1 84,1 86,1 90,1 
1,1 85,1 86,1 90,1 92,1 94,1 103,1 
1,1 90,1 
1,3 2,1 73,1 74,1 78,1 79,1 81,4 82,1 86,4 88,6 90,1 95,2 101,1 
1,1 2,1 74,3 79,1 81,1 82,1 
1,1 77,1 
1,1 
1,1 73,1 95,1 
1,1 
1,1 73,1 74,9 95,2 101,2 
1,2 73,2 74,1 75,2 77,1 78,1 79,1 81,1 82,1 86,2 95,1 101,3 
1,1 79,1 
1,1 82,1 
1,1 73,2 75,1 77,1 82,1 
1,1 74,1 75,1 77,2 
1,1 
1,3 73,2 74,1 77,3 78,2 79,1 81,1 83,1 84,1 86,5 87,1 88,2 92,1 95,3 100,1 101,2 103,1 
1,1 79,1 81,2 
1,1 79,1 81,2 
1,1 74,5 
1,1 2,2 74,21 75,1 77,4 78,1 79,2 88,1 101,1 
1,1 74,1 75,1 82,1 86,1 
1,1 73,1 86,2 
1,3 73,2 74,5 75,2 77,6 78,2 79,2 81,3 82,3 86,2 88,1 95,3 101,2 
1,1 78,1 81,1 82,1 86,1 88,1 95,1 
1,2 73,1 78,2 88,2 95,3 101,2 
1,4 73,3 74,2 78,4 79,3 81,3 82,4 84,2 86,37 87,2 88,3 89,3 91,2 92,3 94,3 95,4 100,3 101,2 103,1 
1,2 73,1 74,1 78,1 79,1 81,1 86,1 88,1 95,1 101,1 
1,2 73,1 74,2 77,13 78,1 88,1 95,1 101,1 
1,2 2,3 73,1 74,23 75,14 77,19 78,3 79,4 80,1 81,2 82,4 83,2 84,3 85,1 86,3 87,2 88,3 89,2 91,1 92,1 94,2 95,3 100,3 101,2 103,1 
1,1 74,3 77,1 78,3 79,1 81,1 82,2 86,1 88,1 95,1 
1,1 77,1 78,1 79,1 81,1 82,2 86,1 88,1 95,1 
1,1 78,3 82,1 83,1 86,4 88,1 92,1 94,1 95,4 98,1 
1,1 77,3 82,2 84,1 86,7 88,1 89,1 98,1 100,1 
1,1 77,1 78,1 81,1 82,2 86,2 88,1 95,2 101,1 
1,1 78,2 79,1 81,1 82,1 83,1 84,1 86,6 87,1 88,1 89,1 92,1 94,1 100,1 101,1 
1,1 78,1 79,2 81,1 82,2 86,5 88,1 95,1 
1,1 78,2 79,1 81,1 82,1 86,1 88,1 89,1 95,9 101,1 
1,1 78,1 79,1 81,1 82,1 86,1 88,1 95,1 
1,1 77,1 78,1 79,1 81,1 82,1 86,1 88,1 94,1 
1,1 78,1 79,1 81,1 82,15 83,1 84,1 86,1 88,1 94,1 95,2 100,1 101,2 
1,1 75,1 77,4 78,3 79,1 81,1 82,2 86,1 88,2 95,1 101,1 
1,1 74,2 78,1 79,1 81,1 82,2 84,1 86,1 88,2 
1,1 78,2 79,1 81,1 82,1 83,1 86,1 88,1 89,2 95,2 101,1 
1,2 78,4 79,1 81,1 86,2 88,2 101,1 
1,1 78,2 79,1 81,19 82,2 84,1 86,1 88,1 94,1 95,2 101,1 
1,1 74,26 75,1 78,3 79,3 82,1 86,1 88,2 95,2 101,2 
1,1 78,1 79,1 81,2 82,1 86,1 88,1 95,1 
1,1 78,2 79,1 81,1 82,4 84,1 86,2 88,1 95,2 101,6 
1,1 78,1 79,1 81,1 82,1 86,1 88,1 101,2 
1,1 78,2 79,13 81,1 82,1 83,1 84,1 86,1 88,1 89,1 91,1 94,1 95,1 100,1 101,1 
1,1 78,1 79,2 81,1 82,1 86,1 88,1 95,1 
1,1 78,1 79,6 81,1 82,1 86,1 88,1 95,1 
1,1 78,20 79,1 81,1 82,1 83,1 86,1 88,1 94,1 95,2 101,1 
1,1 2,1 75,6 77,4 78,15 79,1 81,2 82,2 86,1 88,5 95,1 
1,1 2,10 74,1 77,5 79,1 82,1 86,1 
1,1 78,2 79,1 81,1 82,1 83,1 84,1 86,1 88,1 91,2 94,1 95,2 101,1 
1,1 78,1 79,1 81,1 82,1 86,1 88,2 95,1 101,2 
1,1 2,1 78,4 79,1 81,2 82,1 86,1 88,1 95,1 
1,1 78,2 79,1 81,1 82,1 86,1 88,2 95,2 101,1 
1,1 78,1 79,1 81,1 82,1 86,1 88,2 95,1 
1,1 78,1 79,1 81,1 82,1 86,1 88,2 95,1 
1,1 74,3 77,1 81,1 
1,2 85,1 91,1 
1,1 2,1 74,3 77,3 79,1 81,2 82,1 
1,1 79,3 81,1 101,4 
1,2 2,3 73,2 74,12 75,2 77,19 78,4 79,2 81,4 86,1 88,5 95,1 101,7 
1,2 2,1 52,1 73,1 74,5 77,2 78,2 79,1 81,2 82,2 86,1 88,1 95,1 101,1 
1,1 75,1 
1,1 83,1 88,1 90,1 94,1 
1,2 2,1 73,1 74,1 78,1 79,1 80,1 81,1 82,1 83,1 84,1 85,1 86,1 87,1 88,2 89,1 90,2 91,2 92,1 94,2 95,1 98,1 100,1 101,1 103,1 105,2 
1,2 73,1 74,1 78,1 79,1 80,1 81,1 82,1 83,1 84,1 85,1 86,1 87,1 88,2 89,1 90,2 91,2 92,1 94,2 95,1 98,1 100,1 101,1 103,1 105,2 
1,2 2,1 73,1 74,1 78,1 79,1 80,1 81,1 82,1 83,1 84,1 85,1 86,1 87,1 88,2 89,1 90,2 91,2 92,1 94,2 95,1 98,1 100,1 101,1 103,1 105,2 
1,2 2,1 73,1 74,1 78,1 79,1 80,1 81,1 82,1 83,2 84,1 85,1 86,1 87,1 88,2 89,1 90,2 91,2 92,1 94,2 95,1 98,1 100,1 101,1 103,1 105,2 
1,2 2,1 73,1 79,1 80,1 81,1 82,1 83,1 84,1 85,1 86,1 87,1 88,2 89,1 90,2 91,2 92,1 94,2 95,1 98,1 100,1 101,1 103,1 105,2 
1,2 2,1 73,1 79,1 80,1 81,1 82,1 84,1 85,1 86,1 87,1 88,2 89,1 90,2 91,2 92,1 94,2 95,1 98,1 100,1 101,1 103,1 105,2 
1,2 2,1 78,1 79,1 81,1 82,1 83,1 84,1 85,1 86,1 87,1 88,2 89,1 90,2 91,2 92,1 94,2 95,1 98,1 100,1 101,1 103,1 105,2 
1,1 
1,2 2,1 73,1 74,1 79,1 80,1 81,1 82,1 83,1 84,1 85,1 86,1 87,1 88,2 89,1 90,2 91,2 92,1 94,2 95,1 98,1 100,1 101,1 105,2 
1,4 2,1 73,2 80,2 81,1 82,2 83,2 84,1 85,2 86,2 87,2 88,3 89,2 90,4 91,1 94,3 95,1 98,1 100,2 101,1 103,1 105,3 
1,2 73,1 80,1 81,2 82,1 83,2 84,1 85,1 86,1 87,2 88,2 89,1 90,2 91,2 94,2 95,1 98,1 100,1 101,1 103,1 105,1 
1,2 2,2 73,1 74,1 78,1 79,1 80,1 81,1 82,1 83,2 84,1 85,1 86,1 87,1 88,2 89,1 90,2 91,2 92,1 94,2 95,1 98,1 100,1 101,1 103,1 105,2 
1,2 73,1 74,1 79,1 80,1 81,1 82,1 83,1 84,1 85,1 86,1 87,1 88,2 89,1 90,2 91,1 94,2 95,1 98,1 100,1 101,1 103,1 105,2 
1,2 73,1 74,1 79,1 80,1 81,1 82,1 83,1 84,1 85,1 86,1 87,1 88,2 89,1 90,2 91,1 94,2 95,1 98,1 100,1 101,1 103,1 105,2 
1,1 90,1 
1,4 73,3 74,1 79,2 80,3 81,1 82,3 83,1 84,1 85,2 86,2 87,3 88,4 89,2 90,4 91,1 94,74 95,2 98,1 100,3 101,1 105,3 
1,2 2,1 73,1 74,1 79,1 80,1 81,1 82,1 83,1 84,1 85,1 86,1 87,1 88,2 89,1 90,2 91,1 94,2 95,1 98,1 100,1 101,1 105,2 
1,2 2,1 73,1 79,1 80,1 82,1 85,1 86,1 87,1 88,2 89,1 90,2 91,1 94,1 95,1 100,1 105,1 
1,2 73,1 74,1 78,1 79,1 80,1 81,1 82,1 83,1 84,1 85,1 86,1 87,1 88,2 89,1 90,2 91,1 92,1 94,1 95,1 98,1 100,1 101,1 103,1 105,2 
1,2 73,1 74,1 79,1 80,1 81,1 82,1 83,1 85,1 86,1 87,1 88,1 89,1 90,2 91,1 92,1 94,2 95,1 98,1 100,1 101,1 103,1 105,1 
1,2 2,1 73,1 79,1 80,1 81,1 82,1 83,1 84,1 85,1 86,1 87,1 88,2 89,1 90,2 91,2 92,1 94,2 95,1 98,1 100,1 101,1 103,1 105,2 
1,2 73,1 79,1 80,1 81,1 82,1 83,1 85,1 86,1 87,1 88,2 89,1 90,2 91,2 94,2 95,1 98,1 100,1 101,1 103,1 105,2 
1,2 73,1 74,1 78,1 79,1 80,1 81,1 82,1 83,1 85,1 86,1 87,1 88,2 89,1 90,2 91,2 94,2 95,1 98,1 100,1 101,1 103,1 105,2 
1,2 2,1 73,1 79,1 80,1 81,1 82,1 83,1 84,1 85,1 86,1 87,1 88,2 89,1 90,2 91,2 94,2 95,1 98,1 100,1 101,1 103,1 105,1 
1,1 83,1 
1,2 2,1 73,1 79,1 80,1 81,1 82,1 83,1 85,1 86,1 87,1 88,2 89,1 90,2 91,2 92,1 94,2 95,1 98,1 100,1 101,1 103,1 105,1 
1,2 73,1 79,1 80,1 81,1 82,1 83,1 85,1 86,1 87,1 88,1 89,1 90,2 91,2 94,2 95,1 98,1 100,1 101,1 103,1 105,1 
1,2 73,1 74,1 75,1 77,1 79,1 80,1 82,1 83,1 84,1 85,1 87,2 88,16 89,1 90,2 91,1 94,2 98,1 100,1 105,1 
1,2 2,1 73,1 79,1 80,1 81,2 82,1 83,2 84,1 85,1 86,1 87,2 88,2 89,1 90,2 91,3 92,1 94,3 95,1 98,1 100,1 101,1 105,1 
1,2 79,1 81,1 83,1 85,1 86,1 87,1 88,1 89,1 90,2 91,1 94,2 95,1 100,1 105,1 
1,2 74,1 79,1 81,1 82,1 83,4 85,1 86,1 87,1 88,1 89,1 90,1 91,1 94,2 95,1 100,1 101,1 105,1 
1,2 2,1 73,1 79,1 80,1 81,1 82,1 83,1 85,1 86,1 87,1 88,1 89,1 90,2 91,2 92,1 94,2 95,1 98,1 100,1 101,1 105,1 
1,2 82,1 86,1 87,1 91,2 94,1 100,1 103,1 
1,2 81,1 82,1 83,1 85,1 86,1 87,1 88,1 89,1 90,2 91,2 94,2 95,1 98,1 100,1 101,1 103,1 105,1 
1,2 73,1 80,1 81,1 82,1 83,2 85,1 86,1 87,2 88,1 89,1 90,2 91,1 94,3 100,1 105,1 
1,4 73,2 78,1 79,2 80,2 81,2 82,2 83,2 85,2 86,2 87,1 88,4 89,2 90,4 91,3 92,1 94,4 95,2 98,2 100,2 101,2 105,2 
1,2 74,1 82,1 85,1 87,1 88,1 90,1 91,1 94,1 100,1 105,1 
1,1 86,1 
1,1 73,1 74,1 77,1 78,1 79,1 81,1 82,1 86,1 88,1 95,1 101,1 
1,1 
1,1 73,1 74,1 75,1 77,1 78,1 79,1 81,1 82,1 84,1 86,1 87,1 88,1 89,1 94,1 95,1 101,1 
1,2 73,2 74,2 75,2 77,1 78,2 79,2 81,2 82,2 86,3 88,2 95,2 101,2 
1,2 2,3 73,2 74,7 77,5 78,5 79,2 81,1 82,3 86,2 88,1 94,1 95,2 100,1 101,2 
1,1 73,1 74,1 77,1 78,1 79,1 81,1 82,1 86,1 88,1 94,1 95,1 100,1 101,1 
1,1 52,1 73,1 74,1 77,1 78,1 79,1 81,2 82,1 86,1 88,1 94,1 95,1 100,1 101,1 
1,1 73,1 74,1 78,1 79,1 81,1 82,3 86,2 88,1 95,1 101,2 
1,1 73,1 74,1 88,4 
1,1 73,1 74,1 78,1 79,1 81,1 82,1 83,1 84,1 86,1 88,1 95,1 101,1 
1,1 52,1 73,1 74,1 75,5 78,1 79,1 81,1 82,3 86,1 88,2 95,2 101,2 
1,1 73,1 74,1 75,2 77,1 78,1 79,2 81,3 82,2 86,1 88,1 95,1 101,1 
1,1 73,1 74,4 78,1 79,1 81,1 82,2 86,1 88,1 95,1 101,1 
1,1 52,1 73,1 74,1 78,1 79,1 81,1 82,2 86,1 95,1 101,3 
1,1 73,3 74,2 75,3 77,1 78,1 79,1 81,1 82,1 86,1 95,4 101,3 
1,1 73,1 74,1 75,1 
1,1 73,1 74,1 
1,2 2,3 73,2 74,3 75,1 77,2 78,2 79,2 81,2 82,4 86,4 88,6 95,2 101,2 
1,2 73,5 74,3 75,2 77,2 81,1 82,1 86,1 95,1 
1,2 2,3 73,4 74,4 77,2 78,3 79,2 81,4 82,3 86,2 88,2 89,1 95,2 101,3 
1,1 73,1 74,3 77,2 78,2 79,1 81,1 82,1 86,3 88,1 95,1 101,2 
1,1 52,1 73,1 74,1 79,3 81,1 95,1 
1,1 73,1 74,3 79,1 81,1 82,1 95,1 
1,1 73,1 74,3 77,2 78,1 79,1 81,1 82,1 86,2 88,1 95,1 101,1 
1,1 10,1 13,1 73,1 74,1 77,1 78,1 79,1 81,1 82,1 86,1 88,1 95,1 101,1 
1,1 73,5 74,5 77,11 78,2 79,3 81,2 82,2 86,2 88,3 95,2 101,1 
1,1 73,1 74,2 75,2 77,2 82,7 85,1 88,1 90,1 94,1 101,1 
1,1 73,1 74,1 82,9 84,1 85,1 88,1 90,1 101,2 
1,1 2,1 79,1 81,1 86,1 88,1 95,1 101,1 
1,1 73,1 74,1 78,1 86,1 88,1 95,1 
1,1 73,1 74,2 77,1 78,1 86,1 88,2 95,7 101,2 
1,1 73,1 74,1 78,1 86,1 88,1 95,1 101,1 
1,1 73,1 74,1 78,1 80,1 83,1 84,1 86,1 87,1 88,1 89,1 90,1 92,1 94,1 95,1 100,1 101,1 103,1 
1,1 73,1 74,1 78,1 79,1 81,1 82,1 86,1 95,1 101,1 
1,1 2,2 73,1 74,3 75,2 77,1 78,2 79,1 81,1 82,1 86,2 95,1 101,1 
1,1 2,1 73,1 74,4 77,1 78,2 79,1 81,1 82,1 86,1 95,1 101,1 
1,1 74,2 84,1 85,1 91,1 92,1 94,1 95,1 103,1 
1,1 
1,1 73,1 74,3 78,1 79,1 81,1 86,1 87,1 88,1 95,1 101,8 
1,1 2,3 73,1 74,22 75,20 77,15 78,1 79,1 80,1 81,2 82,2 83,1 84,1 85,1 86,1 87,1 88,2 89,1 91,1 92,1 94,1 95,1 100,2 101,1 103,1 
1,1 2,1 73,1 74,4 78,1 79,1 80,1 81,1 82,1 86,1 87,1 88,2 95,1 100,1 101,1 103,1 
1,1 73,1 74,1 82,1 
1,2 2,5 73,2 74,36 75,3 77,3 78,2 79,2 81,2 82,3 86,2 88,3 95,2 101,2 
1,1 2,6 73,2 74,24 77,1 78,1 79,1 81,1 82,1 84,6 86,1 88,3 91,1 95,1 101,2 
1,1 2,2 73,1 74,5 77,1 78,1 79,1 81,1 82,1 86,1 88,2 95,1 101,1 
1,2 2,1 52,1 73,2 74,3 75,1 77,1 78,2 79,2 81,2 82,2 86,2 88,1 95,2 101,2 
1,1 73,1 74,1 75,1 77,1 81,1 
1,1 73,1 74,5 86,1 
1,1 2,3 52,1 73,2 74,5 78,1 79,1 81,1 82,1 86,1 88,1 95,1 101,1 
1,1 52,1 73,1 74,1 78,1 79,2 81,1 86,1 88,1 95,1 101,1 
2,22 73,1 74,117 75,22 77,66 78,1 79,1 81,1 86,1 87,1 88,3 95,1 100,1 101,1 
2,3 77,1 
2,3 52,1 74,4 75,1 77,17 83,1 84,1 87,1 88,2 89,1 92,1 98,1 
2,1 74,3 77,3 87,1 
2,4 52,1 74,1 75,25 77,36 84,1 
2,1 52,1 74,2 75,1 77,2 84,2 100,1 
2,1 101,1 
2,2 74,4 77,2 
2,1 
2,2 
2,4 74,4 75,1 77,6 
2,1 
2,1 
2,1 77,1 101,1 
2,1 74,7 77,1 79,1 
2,2 73,1 75,1 77,5 
2,1 74,12 77,3 88,2 101,2 
2,1 74,1 
2,3 74,7 77,3 88,3 
2,3 74,11 77,1 
2,1 74,2 77,1 
2,2 74,20 77,1 79,1 
2,1 101,1 
2,1 
2,1 
2,6 74,54 77,3 79,1 81,1 84,1 88,1 
2,1 74,1 
2,1 74,1 
2,1 74,1 
2,1 
2,1 74,1 75,5 77,5 78,1 79,1 81,2 101,1 
2,1 73,1 74,10 
2,1 
2,1 74,3 
2,2 74,2 
2,1 74,36 
2,2 
2,2 74,2 75,1 
2,1 74,7 77,1 
2,3 
2,2 74,31 75,1 77,4 
2,1 
2,1 
2,1 
2,3 74,5 77,1 
2,6 74,8 75,3 77,3 
2,1 74,3 95,1 
2,1 74,9 77,3 95,3 
2,4 74,3 
2,1 74,7 77,1 
2,1 74,4 77,1 95,1 
2,1 74,4 75,2 77,1 81,1 82,1 95,1 
2,1 74,1 81,2 101,1 
2,1 74,2 77,1 
2,6 74,105 75,11 77,21 78,1 79,1 81,5 88,2 101,6 
2,1 74,19 77,3 88,3 
2,1 
2,1 
2,2 75,1 77,1 
2,2 75,1 77,1 
2,1 
2,1 74,2 77,3 78,1 
2,1 
2,2 74,16 79,1 101,1 
2,1 74,1 
2,1 73,1 74,3 81,1 82,2 101,1 
2,2 74,4 77,1 78,1 79,1 81,1 86,1 88,1 95,1 101,1 
2,2 74,9 77,1 
2,2 74,2 
2,1 
2,2 74,4 
2,6 74,8 77,6 78,1 
2,1 74,2 
2,1 74,5 89,1 
2,2 74,14 75,10 77,11 79,1 81,1 83,1 86,1 
2,1 74,2 75,8 77,9 79,1 81,1 86,1 
2,3 74,20 77,2 
2,3 74,9 77,3 78,1 
2,1 74,8 
2,1 77,1 95,1 
2,2 74,4 75,1 77,8 86,1 
2,1 74,2 77,2 
2,3 74,2 77,2 
2,1 74,1 75,1 77,2 
2,3 74,44 75,2 77,5 81,1 88,1 101,1 
2,1 74,1 
2,2 77,23 
2,2 77,7 
2,4 74,30 75,2 77,11 88,1 101,1 
2,1 74,3 77,7 79,1 88,1 
2,1 74,5 77,1 81,2 82,1 86,7 
2,1 52,1 74,5 77,3 
2,1 52,1 74,9 75,1 77,6 
2,1 77,2 
2,1 77,2 
2,2 77,21 
2,9 
2,1 74,2 
2,1 74,14 77,5 
2,1 74,2 
2,1 
2,1 74,1 77,4 88,1 
2,2 74,8 77,5 88,1 
2,1 75,1 77,2 79,1 84,1 
2,1 
2,1 74,3 
2,1 
2,2 74,2 
2,1 74,1 75,4 77,4 84,1 88,1 
2,1 74,3 
2,1 
2,1 95,1 101,1 
2,1 
2,1 
2,1 
2,1 
2,1 74,1 
2,1 74,5 
2,1 74,2 77,1 79,1 
2,1 77,1 
2,1 74,2 
2,1 74,3 
2,1 75,2 77,6 81,1 88,1 
2,2 74,3 
2,1 74,2 
2,1 74,2 
2,1 75,1 77,2 88,1 101,2 
2,2 
2,1 83,1 
2,1 
2,1 
2,1 79,1 81,1 82,1 85,1 86,1 87,1 88,1 89,1 95,1 100,1 101,1 
10,1 13,1 77,2 86,3 88,1 95,1 101,2 
52,1 
52,1 
52,1 
52,1 74,1 75,2 78,1 
52,1 74,1 95,1 
52,1 
52,1 
52,1 75,1 77,4 82,1 101,1 
73,2 
73,1 82,2 
73,1 88,1 
73,2 77,1 79,1 82,1 86,1 95,1 101,1 
73,4 74,2 
73,1 75,2 
73,1 
73,1 
73,1 
73,1 
73,1 74,5 77,7 
73,1 
73,1 
73,1 
73,1 74,2 
73,1 75,2 95,1 101,1 
73,1 75,1 77,1 88,1 101,1 
73,1 86,2 88,1 
73,1 
73,1 77,1 
73,1 75,1 78,1 
73,1 77,1 82,1 87,1 100,1 101,1 
73,1 
73,1 77,1 
73,1 75,1 77,1 
73,1 
73,2 77,1 79,1 83,1 
73,1 
73,1 75,1 77,1 
73,1 
73,1 94,1 
73,1 
73,1 77,1 
73,1 
73,1 77,6 
73,1 75,1 82,2 85,1 95,1 103,2 
73,1 
73,1 
73,1 74,1 79,1 80,1 82,1 86,1 87,1 88,1 100,1 
73,1 80,1 82,1 87,1 100,1 
73,2 80,2 81,1 86,2 87,3 88,1 100,3 
73,1 80,1 87,1 100,1 
73,1 79,1 80,1 81,1 85,1 86,1 87,1 88,1 91,1 94,1 95,1 100,1 101,1 
73,1 80,1 86,1 87,1 88,1 100,1 
73,1 80,1 81,1 85,1 88,1 89,1 100,1 
73,1 80,1 87,1 88,1 100,1 
73,1 79,1 80,1 82,1 83,1 86,1 87,1 88,1 91,1 94,2 95,1 100,1 
73,1 80,1 82,1 87,1 94,1 100,1 
73,1 80,1 87,1 88,1 100,1 
73,1 80,1 82,1 87,1 91,1 100,1 
73,1 80,1 87,1 100,1 
73,1 79,1 80,1 82,1 86,1 87,1 88,1 91,1 94,1 95,1 100,1 
73,1 79,1 80,1 82,1 86,1 87,2 88,1 90,1 91,2 94,2 95,1 100,1 105,1 
73,1 74,1 80,1 86,1 87,1 100,1 101,1 
73,1 82,1 83,1 100,1 
73,1 
73,1 79,1 83,1 85,1 100,1 
73,1 
74,2 
74,1 
74,1 
74,4 77,3 82,1 
74,1 88,1 
74,2 77,1 78,1 79,1 82,1 95,1 
74,1 
74,1 
74,1 81,1 87,1 101,5 
74,1 
74,2 77,1 95,1 
74,1 
74,1 
74,1 
74,3 75,1 77,2 78,1 86,1 101,1 
74,1 77,3 78,1 88,1 
74,1 101,1 
74,1 
74,1 
74,1 87,11 92,20 
74,1 81,1 89,1 92,1 
74,1 83,19 84,28 87,3 89,1 92,2 100,1 
74,1 
74,1 
74,2 95,1 
74,1 
74,1 
74,3 77,2 
74,15 77,2 79,1 81,1 88,1 101,5 
74,1 77,12 88,2 
74,1 
74,2 
74,2 77,2 
74,1 
74,2 77,1 88,1 
74,1 
74,8 
74,7 77,1 
74,1 
74,1 
74,1 
74,11 75,2 77,2 81,1 88,6 95,2 101,1 
74,1 
74,1 
74,1 77,1 
74,1 
74,2 92,1 
74,1 
74,1 
74,2 
74,5 
74,2 
74,6 
74,6 
74,16 
74,2 
74,2 
74,9 
74,5 75,1 79,1 
74,1 
74,21 77,5 86,1 
74,1 77,1 
74,2 77,1 81,1 82,2 83,1 84,2 87,1 89,2 90,1 91,1 94,1 98,1 103,1 
74,1 
74,1 
74,5 75,2 77,2 81,1 86,4 101,1 
74,2 
74,8 81,4 
74,8 92,1 
74,7 
74,2 
74,7 79,1 
74,1 
74,1 
74,5 101,1 
74,4 77,2 
74,4 
74,1 
74,1 
74,2 75,1 78,10 79,2 95,3 
74,1 
74,1 
74,5 
74,3 77,1 86,1 
74,15 77,1 79,1 
74,1 
74,2 75,2 77,1 81,1 88,1 
74,1 
74,1 86,1 
74,1 
74,1 
74,2 
74,1 
74,1 
74,1 88,2 
74,1 
74,1 
74,1 77,1 
74,1 
74,1 86,1 
74,3 
74,1 79,1 88,1 
74,6 83,2 84,1 85,1 103,1 
74,2 
74,1 
74,7 75,1 
74,1 
74,1 
74,1 
74,1 
74,3 82,1 
74,10 77,1 86,1 95,1 
74,10 
74,7 77,1 
74,6 75,6 77,2 
74,5 77,2 79,1 
74,1 
74,1 
74,1 
74,1 
74,1 
74,1 
74,1 
74,1 
74,1 77,2 
74,7 
74,1 
74,1 77,1 92,1 
74,1 77,1 82,1 88,1 
74,4 101,2 
74,1 77,1 81,1 
74,1 
74,1 
74,1 
74,4 75,1 77,2 
74,1 
74,4 75,1 81,1 88,6 
74,1 78,8 
74,1 77,1 101,1 
74,1 
74,1 79,1 88,1 
74,1 
74,1 
74,1 
74,1 101,1 
74,1 
74,1 
74,1 79,1 81,1 88,2 
74,2 
74,2 
74,1 
74,1 
74,1 
74,2 88,1 101,1 
74,1 
74,1 
74,1 
74,1 75,1 77,1 
74,1 
74,1 79,1 
74,1 78,1 82,1 86,1 88,1 
74,1 101,1 
74,1 
74,1 101,1 
74,1 
74,1 
74,1 
74,1 81,1 
74,1 
74,3 77,3 101,1 
74,2 75,1 77,4 101,1 
74,1 
74,15 77,1 
74,2 
74,1 
74,1 
74,1 77,1 82,4 
74,2 86,3 88,1 101,1 
74,1 75,1 77,1 
74,1 
74,6 
74,1 
74,2 
74,1 
74,1 78,1 88,1 
74,4 77,2 82,1 83,1 90,1 94,1 100,2 
74,1 
74,1 77,1 
74,3 
74,4 101,1 
74,2 75,1 77,1 84,1 86,2 105,1 
74,2 
74,1 77,2 
74,1 
74,1 
74,2 
74,2 
74,2 75,1 77,1 
74,5 75,2 77,1 
74,1 
74,1 
74,1 75,1 77,1 82,1 
74,1 
74,1 81,1 88,1 
74,1 
74,4 
74,6 
74,5 
74,3 
74,3 77,2 
74,4 
74,1 
74,2 
74,1 
74,1 75,1 77,2 
74,1 
74,1 
74,1 
74,3 
74,1 84,1 87,1 90,1 94,1 
74,1 
74,4 
74,4 
74,4 75,1 77,2 79,1 81,1 91,1 
74,10 
74,1 
74,3 
74,2 
74,2 79,1 
74,3 75,1 77,1 
74,2 
74,3 
74,2 79,1 
74,4 92,1 94,1 
74,2 
74,8 77,5 
74,1 
74,1 
74,2 77,1 81,1 
74,1 
74,1 
74,1 77,6 
74,1 
74,1 77,1 88,1 101,1 
74,1 75,1 79,1 
74,3 
74,1 
74,1 79,1 81,1 88,1 
74,1 
74,2 
74,3 77,2 79,1 101,1 
74,3 
74,1 
74,1 
74,2 
74,3 
74,1 
74,2 
74,2 
74,2 
74,2 
74,2 79,1 
74,2 
74,1 
74,3 
74,1 
74,1 
74,2 81,1 84,1 86,2 90,2 92,1 94,1 
74,3 
74,2 77,1 
74,1 
74,1 79,1 
74,1 
74,1 
74,1 77,2 
74,1 
74,2 77,1 
74,1 
74,1 
74,1 
74,1 
74,1 
74,1 77,1 
74,1 77,1 82,1 88,1 
74,2 
74,2 95,1 
74,2 
74,2 
74,1 
74,1 
74,1 
74,5 
74,2 
74,1 77,1 
74,2 
74,2 
74,1 79,1 
74,2 
74,1 
74,1 
74,1 
74,1 81,1 95,1 
74,1 
74,1 
74,6 
74,2 
74,3 77,1 
74,1 
74,4 77,1 
74,1 
74,4 
74,2 
74,1 
74,1 78,1 
74,1 
74,1 
74,1 
74,3 78,1 
74,1 
74,1 87,1 
74,1 78,1 84,1 89,1 
74,1 
74,1 
74,1 
74,2 83,1 89,1 
74,1 
74,1 
74,1 77,1 
74,1 
74,1 77,1 
74,1 
74,1 77,1 79,1 
74,1 101,1 
74,1 77,3 86,1 
74,1 75,1 77,3 
74,2 
74,1 
74,1 88,1 
74,1 77,1 
74,1 86,2 
74,1 
74,1 78,1 
74,1 75,2 78,1 
74,1 
74,1 
74,1 
74,2 78,1 79,1 81,3 82,1 86,2 88,2 101,1 
74,1 88,1 
74,1 82,1 87,1 95,1 100,1 
74,1 
75,1 
75,1 77,1 
75,8 77,5 82,1 86,1 
75,6 77,3 88,3 101,2 
75,2 77,2 
75,1 77,1 83,1 
75,7 77,2 86,1 
75,7 77,3 
75,1 77,1 
75,1 77,1 
75,1 77,2 82,1 84,1 
75,4 77,4 
75,1 77,1 81,1 101,1 
75,1 77,6 
75,1 77,1 
75,1 77,1 78,1 
75,1 77,3 
75,3 77,3 82,1 
75,3 77,4 
75,1 77,1 
75,1 77,1 
75,1 77,1 
75,1 77,5 88,2 
75,2 77,9 78,10 81,1 88,1 
75,2 77,3 88,2 101,1 
75,1 77,1 
75,8 77,11 78,5 79,1 81,1 82,1 95,2 101,1 
75,1 77,4 
75,1 77,1 
75,1 77,1 
75,2 77,2 
75,1 77,1 82,1 
75,1 77,1 95,1 
75,3 77,2 86,2 
75,1 81,1 88,1 
75,1 
75,1 
75,1 
75,1 
75,2 78,5 
75,1 79,1 
75,1 81,1 88,1 94,1 
75,1 
75,1 101,1 
75,1 77,2 88,1 94,1 
75,1 77,1 
75,2 
75,1 88,1 
75,1 
75,1 
75,1 
75,1 
75,1 
75,1 84,2 87,5 
75,1 
75,1 77,2 78,1 
75,1 
75,1 77,4 
75,1 101,4 
75,2 77,4 78,1 82,1 101,1 
75,1 
75,2 86,1 
75,1 
75,1 
75,1 79,1 86,1 101,1 
75,1 78,1 84,1 91,1 94,1 
75,1 
75,2 
75,1 
75,1 77,1 
75,1 78,1 79,3 86,1 101,5 
75,1 
75,1 
75,1 
75,1 
75,2 77,3 86,1 
75,1 
75,1 
75,1 77,2 
75,1 78,1 
75,1 
75,1 
75,1 
75,2 78,2 79,1 101,1 
75,1 
75,1 
75,1 82,1 
75,6 
75,3 77,1 
75,3 77,1 
75,1 87,1 91,1 103,1 
75,1 90,1 
75,1 101,1 
75,1 78,1 86,3 
75,1 77,5 78,3 86,2 
75,2 
75,2 
75,1 
75,1 
75,1 
75,1 77,1 
75,1 
75,1 77,1 
75,1 
75,1 77,1 81,1 84,1 
75,1 77,1 81,1 101,1 
75,1 
75,1 81,1 
75,1 
75,1 79,1 87,1 89,1 94,1 
75,1 78,1 
75,1 79,1 101,1 
75,1 78,1 86,1 
75,1 101,1 
75,4 
75,2 
75,2 
75,2 
75,1 
75,1 
75,1 
75,2 
75,1 92,1 
75,2 
75,1 
75,1 
75,1 
75,1 
75,1 77,8 86,1 
77,9 
77,1 
77,1 78,1 81,3 95,2 
77,1 82,3 
77,1 
77,49 
77,1 88,2 
77,4 
77,1 
77,4 
77,1 
77,1 
77,2 
77,1 
77,4 
77,1 
77,2 
77,2 78,1 
77,4 
77,1 
77,1 
77,1 
77,3 
77,3 
77,2 81,1 
77,1 
77,1 
77,3 
77,1 78,1 84,1 86,1 94,1 
77,1 81,1 85,1 91,1 100,1 103,1 
77,2 79,1 81,1 89,1 92,1 
77,1 
77,1 87,1 
77,12 87,2 92,1 
77,1 
77,2 79,1 81,1 86,1 90,1 95,1 
77,1 82,2 89,1 
77,3 
77,1 
77,9 88,1 
77,1 
77,5 86,1 
77,1 98,1 
77,3 
77,9 
77,1 
77,4 
77,3 
77,1 
77,1 
77,1 
77,1 
77,1 
77,1 
77,1 
77,1 
77,1 88,1 
77,1 88,1 
77,1 
77,1 
77,1 
77,1 
77,2 
77,1 101,1 
77,2 
77,1 
77,1 
77,1 
77,1 
77,1 
77,1 
77,1 
77,1 78,4 88,1 
77,1 
77,2 
77,1 79,2 
77,1 
77,2 
77,1 
77,1 
77,1 78,1 86,1 
77,1 79,3 
77,1 
77,1 78,2 86,1 
77,1 
77,1 
77,1 
77,1 
77,1 
77,1 
77,1 
77,2 
77,1 
77,1 
77,1 88,1 
77,1 
77,1 
77,1 
77,1 
77,1 
77,1 88,1 
77,1 
77,1 
77,1 
77,2 
77,1 
77,1 
77,1 
77,2 
77,9 86,1 
77,2 
77,1 
77,1 
77,2 
77,1 
77,1 
77,1 86,3 92,1 
77,1 
77,1 
77,1 
77,3 
77,2 
77,1 101,1 
77,1 
77,1 84,1 
77,1 
77,1 
77,1 
77,2 78,1 79,1 
77,1 78,2 
77,1 86,1 
77,1 
77,2 
77,2 101,1 
77,1 
77,1 
77,1 
77,1 83,1 
77,1 79,1 
77,1 
77,1 
77,1 101,1 
77,1 78,1 
77,1 
77,1 
77,1 
77,1 
77,1 
77,1 
77,1 
77,1 
77,1 
77,1 
77,1 
77,2 
77,1 
77,1 78,2 
77,2 
77,1 88,2 101,1 
77,1 
77,1 
77,1 
77,1 
77,1 81,2 
77,1 
77,1 
77,1 
77,1 
77,1 78,9 86,1 
77,1 
77,1 
77,1 
77,1 
77,1 
77,3 
77,1 
77,1 84,1 92,1 
77,1 
77,1 
77,1 
77,1 
77,1 
77,1 
77,1 
77,1 
77,1 
77,1 
77,1 
77,1 
77,1 
77,2 
77,1 
77,1 
77,1 
77,1 
77,1 78,3 81,1 
77,1 86,1 95,1 101,1 
77,1 
77,1 
77,1 
77,1 
77,1 
77,1 86,1 101,1 
77,1 
77,1 
77,1 
77,1 
77,1 
77,1 
77,1 
77,1 
77,1 101,1 
77,1 
77,1 81,1 88,2 95,1 
77,1 
77,1 78,2 88,1 
77,1 
77,1 
77,1 82,1 
77,1 
77,1 
77,1 
77,1 
77,1 
77,1 
77,1 
77,1 
77,2 
77,1 
77,1 
77,1 
77,1 
77,1 
77,1 
77,1 
77,1 82,1 92,1 
77,1 
78,1 
78,1 
78,2 101,1 
78,1 
78,1 
78,1 
78,1 
78,1 
78,1 81,1 
78,1 81,1 
78,1 
78,1 
78,1 101,1 
78,1 81,1 86,1 
78,1 
78,1 
78,1 
78,1 
78,2 
78,1 
78,3 79,1 
78,9 
78,3 
78,2 
78,1 
78,1 
78,1 
78,2 81,1 88,1 101,1 
78,1 81,1 82,1 85,1 101,1 
78,2 
78,1 
78,1 
78,1 82,1 86,2 98,1 
78,1 86,1 
78,1 82,2 86,4 87,1 
78,1 
78,3 
78,1 
78,1 
78,1 
78,1 
78,1 
78,1 
78,1 79,1 
78,1 82,1 101,1 
78,1 88,1 
78,1 
78,1 
78,1 94,1 
78,2 88,1 101,1 
78,1 
78,1 101,1 
78,1 
78,2 
78,1 
78,1 79,1 82,2 
78,1 101,1 
78,2 81,1 82,1 101,1 
78,1 86,2 95,1 
78,1 
78,1 
78,1 82,2 88,1 94,1 
78,1 
78,16 88,1 
78,9 
78,9 
78,8 
78,1 
78,1 
78,1 94,2 
78,1 
78,1 
78,3 82,2 88,1 101,1 
78,1 
78,1 
78,1 88,1 95,1 
78,1 
78,1 
78,1 
78,1 
78,1 
78,1 79,1 81,1 86,1 
78,1 
78,1 86,1 
78,1 
79,2 
79,2 
79,2 
79,2 
79,2 
79,2 
79,2 81,2 88,1 
79,1 
79,1 
79,3 
79,1 
79,4 
79,1 
79,2 101,1 
79,1 
79,1 
79,1 
79,1 
79,1 
79,1 
79,1 
79,1 
79,1 
79,1 
79,1 
79,1 
79,1 
79,1 
79,1 88,1 
79,1 
79,1 
79,1 
79,1 92,1 
79,2 
79,3 
79,2 
79,1 86,1 
79,1 94,2 
79,1 101,1 
79,1 84,1 92,1 
79,1 92,1 
79,1 
79,1 101,1 
79,2 
79,1 
79,2 81,1 88,1 
79,1 
79,1 
79,1 
79,2 88,1 
79,4 
79,2 
79,1 
79,1 
79,3 101,1 
79,1 
79,1 
79,1 
79,1 101,1 
79,1 
79,1 
79,1 
79,1 101,1 
79,2 
79,1 
79,1 
79,1 
79,1 84,1 
79,1 
79,1 
79,2 
79,2 
79,4 84,1 
79,2 
79,3 
79,1 101,2 
79,1 
79,1 
79,1 
79,1 
79,1 
79,1 
79,1 
79,2 81,1 101,1 
79,1 
79,2 
79,1 
79,1 
79,1 
79,3 88,1 
79,1 
79,1 
79,1 
79,1 
79,1 
79,1 81,1 88,6 
79,1 
79,1 
79,1 
79,1 
79,1 
79,1 
79,1 
79,1 
79,1 
79,1 
79,1 
79,1 
79,1 
79,1 86,1 
79,1 
79,2 
79,1 
79,1 83,1 
79,1 
79,1 
79,1 101,1 
79,1 82,1 88,1 95,1 101,1 
79,1 84,1 
79,1 
79,1 95,1 
79,1 94,1 
79,1 94,1 
79,1 
79,1 
79,1 
79,2 81,1 84,3 
79,1 
79,1 
79,1 
79,1 
79,1 
79,1 
79,2 101,1 
79,1 
79,1 101,1 
79,1 
79,1 
79,1 
79,1 
79,1 94,1 98,1 
79,1 
79,1 95,1 
79,1 
79,1 
79,1 83,1 87,1 88,1 100,1 
79,1 83,1 85,1 86,1 87,1 88,1 100,1 
79,1 86,1 87,1 90,1 94,2 95,1 100,1 101,1 103,1 105,1 
79,1 86,1 87,1 100,1 
79,1 81,1 82,1 85,1 86,1 87,1 88,1 89,1 92,1 95,1 100,1 101,1 
79,1 82,1 86,1 87,1 89,1 94,1 100,1 101,1 
79,1 81,1 86,1 87,1 95,1 100,1 
79,1 82,1 85,1 86,1 87,1 100,1 101,1 
79,1 82,1 85,1 86,1 87,1 88,1 95,1 100,1 
79,1 82,1 86,1 87,1 100,1 
79,1 
79,1 82,1 86,1 87,1 88,1 100,1 
79,1 82,1 86,1 87,1 88,1 100,1 
79,1 81,1 86,1 87,1 100,1 
79,1 
79,1 83,2 87,2 88,1 90,2 91,1 94,2 98,1 100,1 
79,1 82,1 86,1 87,1 100,1 
79,1 81,1 98,1 
79,1 
79,2 81,1 
79,1 
79,1 91,1 
79,1 
80,1 
80,1 
81,6 85,1 
81,2 85,1 
81,2 85,1 
81,1 85,1 
81,1 85,1 
81,5 85,2 87,2 88,1 92,2 
81,2 85,1 
81,4 85,1 
81,3 85,1 88,1 
81,4 85,1 
81,1 85,2 
81,1 85,1 
81,1 85,1 
81,1 85,2 
81,1 85,1 
81,1 85,2 
81,1 85,1 
81,1 85,1 
81,1 85,1 
81,1 85,1 
81,2 85,1 101,3 
81,1 85,1 
81,1 82,2 85,1 
81,1 85,1 
81,1 85,1 94,1 
81,1 85,1 
81,1 85,1 
81,1 85,1 
81,1 85,1 
81,1 86,1 87,1 100,1 
81,1 86,1 
81,1 86,1 
81,1 86,1 
81,2 86,2 91,1 94,1 
81,1 86,2 
81,1 86,1 
81,1 83,1 84,2 86,2 87,4 92,3 101,1 
81,1 86,1 
81,1 86,1 
81,1 86,1 
81,1 86,1 
81,1 86,1 
81,1 86,1 
81,1 86,4 
81,1 86,1 
81,1 86,1 
81,1 86,1 
81,1 86,1 
81,1 86,1 
81,1 86,1 
81,1 86,1 
81,1 86,1 
81,1 86,2 
81,1 86,1 95,1 
81,1 86,1 
81,1 86,4 
81,1 86,1 
81,1 86,1 
81,1 86,1 
81,1 86,1 
81,1 86,1 
81,1 86,1 
81,1 86,1 
81,1 86,1 
81,2 84,1 86,1 94,1 101,1 
81,1 86,1 
81,1 86,1 94,1 
81,1 86,1 91,1 101,1 
81,1 82,1 86,1 
81,1 86,1 
81,1 86,2 
81,1 86,1 
81,1 86,2 
81,1 86,1 
81,1 86,1 101,1 
81,1 86,1 101,1 
81,1 86,1 
81,1 86,1 
81,1 86,1 
81,1 86,1 
81,1 86,2 
81,1 86,1 
81,1 86,1 101,1 
81,1 86,1 
81,1 86,1 101,3 
81,1 86,1 
81,1 86,1 
81,1 86,1 
81,1 86,1 89,1 
81,1 86,1 
81,1 86,1 
81,1 86,1 
81,1 86,1 
81,1 86,1 
81,1 86,1 
81,1 86,1 
81,1 86,1 
81,1 86,1 
81,1 86,1 
81,1 86,1 
81,1 86,1 
81,1 86,1 101,1 
81,1 86,1 
81,1 86,1 
81,1 86,1 
81,1 86,1 
81,1 83,1 
81,1 83,1 
81,1 83,1 
81,2 83,1 88,1 
81,1 83,2 
81,1 83,2 
81,1 83,3 
81,2 83,3 
81,1 83,2 
81,1 83,11 
81,1 83,1 
81,1 83,3 
81,1 83,2 
81,1 83,1 88,1 
81,1 83,2 
81,1 83,1 101,2 
81,1 83,3 
81,1 83,23 
81,1 83,5 
81,1 83,1 
81,1 83,1 101,1 
81,1 83,1 
81,1 83,1 
81,1 83,1 
81,1 83,1 
81,1 83,1 
81,1 83,6 
81,1 83,1 
81,1 83,1 
81,1 83,1 
81,1 83,1 
81,1 83,1 
81,1 83,19 88,1 
81,1 83,1 
81,1 83,1 
81,1 83,1 
81,1 83,1 
81,1 83,1 101,1 
81,1 83,2 
81,1 83,1 88,1 
81,1 83,1 88,1 
81,1 83,1 
81,1 83,1 
81,1 83,3 
81,1 83,1 
81,1 83,2 
81,1 83,1 
81,1 83,1 
81,1 83,1 
81,1 83,1 
81,1 83,3 
81,1 83,4 
81,1 83,1 
81,1 83,1 
81,1 83,1 
81,1 83,1 
81,1 83,1 
81,1 83,8 
81,1 83,1 
81,1 83,3 
81,1 83,1 
81,1 83,1 
81,1 83,2 
81,1 83,3 
81,1 83,2 
81,1 83,2 
81,1 83,3 
81,1 83,3 
81,1 83,5 101,1 
81,1 83,3 
81,1 82,1 83,4 
81,1 83,1 
81,1 83,1 
81,1 83,1 
81,1 83,2 
81,2 82,1 83,1 87,1 88,1 95,1 100,1 
81,1 83,1 
81,1 83,1 
81,1 83,1 
82,1 83,1 
81,1 83,1 94,1 
81,1 83,1 
81,1 83,1 88,1 
81,1 83,3 88,1 
82,1 83,1 
81,1 83,1 88,1 
81,1 83,1 
82,2 83,1 88,1 
81,1 83,1 88,1 94,1 
81,1 83,1 88,1 
81,1 83,1 88,1 
81,1 83,1 91,1 
81,1 83,1 
81,1 83,2 
82,1 83,1 87,1 89,1 100,1 
81,1 83,1 88,1 101,1 
81,1 83,1 94,1 
81,1 83,1 88,1 
81,1 83,2 88,1 
81,1 83,1 
81,1 83,1 88,1 
82,1 83,1 87,1 89,1 100,1 
81,1 83,1 88,1 
81,1 83,2 
82,1 83,1 87,1 100,1 
81,1 83,1 
81,1 83,1 88,1 
81,1 83,1 
81,1 82,1 83,2 87,1 95,1 
81,2 83,2 88,1 
81,1 82,1 83,1 87,1 88,2 89,1 90,1 91,2 92,1 94,2 95,1 100,1 101,1 105,1 
82,1 83,1 87,1 100,1 
81,1 83,1 88,1 
82,1 83,1 87,1 90,1 91,2 94,1 100,1 
81,1 83,3 88,1 101,1 
82,1 83,2 87,1 100,1 
81,1 83,3 88,1 
81,1 83,1 88,1 101,1 
81,1 83,1 88,1 
81,1 83,3 88,1 94,1 
81,1 83,2 88,1 
81,1 83,2 88,1 
81,1 83,1 94,1 
81,1 83,3 87,1 91,2 94,1 
81,1 83,1 90,1 94,1 
81,1 83,2 88,1 
81,1 83,1 88,1 
81,1 83,2 88,1 
81,1 83,2 
81,1 83,1 
82,1 83,1 87,1 88,1 100,1 
82,1 83,1 
82,1 83,1 88,3 
82,2 83,1 
82,1 83,2 
82,1 83,1 
82,1 83,2 
82,1 83,1 84,1 
82,1 83,2 
82,2 83,1 
82,1 83,1 
82,1 83,4 
82,1 83,1 
82,1 83,1 
82,1 83,1 
82,1 83,1 
82,1 83,1 
82,1 83,1 95,1 
82,1 83,1 
81,1 82,1 83,1 95,1 
81,1 83,1 
82,1 83,2 
82,1 83,1 
82,1 83,1 
82,1 83,1 
82,1 83,1 89,1 105,1 
82,1 83,1 
82,1 83,1 
82,1 83,1 
82,1 83,2 
82,1 83,1 
82,1 83,2 
82,2 83,1 
82,2 83,2 95,1 
82,1 83,1 
82,1 83,1 
82,1 83,1 
82,1 83,1 
82,1 83,3 90,1 100,1 
82,1 83,1 
82,1 83,2 
82,1 83,2 
82,1 83,1 
82,1 83,3 
82,1 83,2 
82,1 83,1 
82,1 83,1 100,1 
82,1 83,1 
82,1 83,1 
82,1 83,1 
82,1 83,1 
82,1 83,1 
82,1 83,1 95,1 
82,1 83,1 
82,1 83,1 
82,1 83,1 84,1 89,1 98,1 103,1 
82,1 83,1 
82,1 83,1 
83,1 
83,3 
83,1 
83,1 84,9 87,11 89,17 92,8 100,1 
83,2 
83,1 
83,1 84,1 
83,1 
83,3 
83,2 
83,1 84,3 
83,1 
83,1 
83,2 84,20 92,1 
83,1 84,1 
83,1 
83,1 84,1 
83,1 84,1 
83,1 84,4 
83,1 
83,1 
83,1 
83,1 
83,2 
83,2 84,1 
83,1 
83,1 
83,2 84,1 
83,1 84,25 87,7 89,4 92,5 
83,1 
83,1 
83,1 
83,1 
83,1 
83,1 
83,1 
83,1 
83,1 
83,1 84,2 
83,1 
83,1 
83,1 
83,2 
83,1 
83,1 
83,1 
83,5 
83,1 84,11 
83,1 
83,1 
83,1 
83,1 
83,1 
83,1 84,8 
83,1 
83,1 84,6 
83,2 
83,2 
83,2 84,3 
83,4 84,2 
83,2 
83,1 
83,1 84,4 
83,1 94,1 
83,1 
83,1 
83,1 
83,1 
83,1 
83,1 
83,2 
83,1 
83,1 
83,1 
83,2 
83,1 
83,1 
83,1 
83,2 84,1 
83,1 84,6 
83,1 
83,1 
83,2 84,1 92,6 
83,1 
83,1 84,1 
83,1 
83,1 
83,1 
83,1 
83,1 87,12 100,1 
83,1 
83,1 
83,2 
83,1 
83,1 
83,1 
83,1 
83,1 
83,1 
83,1 
83,1 
83,2 
83,1 
83,1 
83,1 
83,1 
83,2 
83,1 
83,1 
83,1 92,2 
83,1 
83,1 
83,1 
83,1 94,1 95,1 101,1 
83,3 84,2 
83,2 
83,3 
83,2 
83,1 
83,1 
83,1 
83,1 84,1 
83,1 84,1 
83,1 
83,1 91,5 
83,1 
83,2 
83,1 
83,1 
83,1 
83,1 
83,2 
83,1 
83,1 
83,1 
83,1 
83,1 
83,1 84,3 
83,1 
83,1 
83,1 
83,1 
83,1 
83,1 
83,1 
83,1 
83,1 
83,1 
83,1 
83,1 
83,1 
83,1 
83,1 
83,1 89,1 
83,1 
83,1 84,1 
83,1 
83,1 84,3 
83,1 
83,1 84,6 103,1 
83,1 
83,1 
83,1 92,1 
83,1 
83,1 84,2 
83,2 
83,1 
83,1 84,5 
83,1 
83,1 84,17 
83,1 
83,1 84,1 
83,1 
83,1 
83,1 
83,1 
83,1 
83,1 
83,1 
83,1 
83,2 101,2 
83,1 
83,2 
83,1 
83,1 
83,1 
83,1 91,1 
83,1 
83,2 94,1 
83,1 91,1 
83,2 
83,1 
83,1 84,1 
83,1 84,1 
83,1 
83,2 
83,6 
83,1 
83,1 
83,1 
83,1 
83,1 
83,1 84,1 
83,1 87,1 
83,1 87,1 
83,1 87,1 
83,1 87,1 
83,2 
83,1 
83,1 90,1 94,1 
83,1 
83,1 
83,1 
83,1 
83,1 94,1 
83,1 
83,1 
83,1 84,1 
83,1 
83,1 
83,1 
83,1 
83,1 
83,1 
83,1 
83,1 
83,1 
83,1 
83,1 88,1 
83,1 
83,1 91,3 
83,1 
83,2 
83,1 
83,1 
83,1 
83,1 
83,1 
83,1 
83,1 84,3 
83,1 
83,1 84,2 
83,1 
83,1 
83,1 
83,1 
83,1 
83,1 
83,1 
84,1 
84,1 
84,1 
84,1 
84,2 
84,1 
84,1 
84,2 
84,2 
84,2 
84,2 
84,1 
84,1 
84,3 
84,1 
84,1 
84,1 
84,3 89,2 
84,1 
84,1 
84,3 
84,7 
84,1 
84,4 
84,1 
84,13 
84,4 
84,10 
84,1 
84,3 
84,1 88,1 91,1 101,1 
84,3 
84,1 
84,1 
84,2 
84,3 
84,1 
84,1 94,1 
84,14 
84,3 
84,1 
84,1 
84,3 
84,3 
84,1 
84,1 
84,1 
84,4 
84,1 
84,1 
84,1 
84,1 
84,2 
84,1 
84,2 
84,15 
84,1 
84,2 
84,5 
84,1 88,1 90,1 94,1 
84,2 87,1 88,1 94,1 
84,1 87,1 88,1 94,2 100,1 
84,1 
84,6 
84,1 
84,4 
84,2 
84,1 94,1 
84,1 
84,1 
84,3 
84,1 
84,1 
84,3 
84,1 
84,1 
84,3 
84,1 
84,1 
84,1 92,2 94,13 
84,1 
84,1 
84,1 
84,1 
84,2 
84,1 
84,4 
84,1 
84,1 87,1 91,1 94,2 100,1 
84,1 
84,4 
84,1 
84,1 
84,2 
84,1 
84,1 91,1 
84,1 
84,1 
84,1 94,1 
84,1 
84,2 
84,1 91,1 
84,1 
84,1 
84,1 
84,2 
84,1 
84,2 
84,2 
84,2 
84,1 
84,1 
84,1 
84,2 
84,1 
84,1 
84,1 
84,2 
84,1 
84,1 
84,1 
84,1 
84,1 
84,1 
84,1 
84,1 
84,4 
84,1 
84,1 
84,1 
84,1 
84,1 
84,1 
84,1 
84,1 
84,1 
84,6 
84,1 
84,1 
84,1 
84,1 
84,1 
84,1 
84,1 
84,1 
84,1 87,1 100,1 
84,2 87,1 88,1 98,1 100,1 101,1 
84,2 87,1 88,1 91,1 94,1 98,1 100,1 101,1 
84,1 
84,1 
84,1 
84,1 
84,1 
84,2 
84,3 
84,2 
84,1 
84,2 
84,1 
84,3 
84,1 
84,1 
84,1 
84,1 
84,1 
84,1 
84,1 
84,1 
84,1 
84,1 
84,1 
84,1 
84,2 
84,1 89,3 
84,1 
84,1 
84,1 
84,1 
84,1 
84,1 87,1 
84,1 
84,1 
84,1 
84,1 
84,1 
84,1 
84,1 
84,1 
84,1 
84,1 
84,2 
84,1 
84,1 
84,1 
84,1 
84,1 
84,1 
84,1 
84,3 
84,1 
84,2 
84,1 
84,1 
84,1 
84,1 
84,1 
84,1 
84,1 
84,1 105,1 
84,1 
84,3 
84,1 
84,1 
84,1 
84,1 
84,1 
84,1 
84,1 
84,2 
84,1 
84,1 
84,1 
84,1 
84,1 
84,1 
84,5 
84,1 
84,1 
84,1 
84,1 
84,3 
84,1 
84,1 
84,1 
84,1 
84,1 
84,1 
84,1 
84,1 89,1 
84,1 
84,1 
84,1 
84,1 
84,1 
84,1 
84,1 
84,1 
84,1 
84,1 
84,3 
84,1 
84,1 
84,1 
84,1 
84,1 
84,1 
84,1 
84,1 
84,1 
84,1 
84,1 
84,1 
84,2 
84,2 
84,6 
84,1 
84,1 
84,1 
84,1 
84,1 
84,1 
84,1 
84,1 
84,1 
84,1 
84,1 
84,1 
84,1 
84,1 
84,1 
84,1 
84,1 
84,1 88,1 
84,1 
84,1 
84,1 
84,1 
84,1 
84,1 
84,2 
84,1 
84,1 
84,1 
84,1 
84,1 
84,1 
84,1 
84,1 
84,1 
84,1 
84,1 
84,1 
84,1 
84,1 
84,1 
84,1 
84,1 
84,1 
84,1 92,1 100,1 
84,1 
84,3 
84,1 
84,1 
84,1 
84,1 
84,1 
84,1 
84,1 
84,1 103,1 
84,1 
84,1 
84,1 
84,1 
84,1 
84,1 
84,1 
84,1 
84,1 
84,1 
84,1 
84,1 
84,1 
84,1 
84,1 
84,1 
84,1 
84,1 
84,2 92,1 
84,2 
84,1 
84,2 
84,1 
84,1 
84,1 
84,1 
84,1 
84,1 
84,2 
84,1 
84,1 92,1 
84,1 103,1 
84,1 
84,1 103,1 
84,1 
84,1 
84,1 
84,1 
84,1 103,1 
84,1 
84,1 87,1 
84,2 
84,3 
84,1 
84,6 
84,1 87,2 
84,1 
84,1 
84,3 
84,2 
84,1 
84,2 
84,1 
84,7 
84,1 
84,1 
84,1 
84,2 
84,1 
84,1 
84,1 
84,2 
84,3 
84,1 
84,1 
84,1 
84,1 
84,2 
84,1 
84,3 
84,1 
84,2 95,1 
84,1 
84,1 
84,1 
84,1 
84,1 
84,1 
84,1 
84,1 
84,1 
84,1 
84,1 91,1 
84,2 
84,1 
84,1 
84,1 
84,12 
84,1 87,1 88,1 95,1 100,1 
84,1 87,1 88,1 100,1 
84,1 87,1 100,1 
84,4 87,1 100,1 
84,1 87,1 100,1 
84,1 87,1 95,1 100,1 103,1 
84,1 87,1 100,1 
84,1 
84,1 
84,1 
84,1 
84,1 
84,1 89,1 94,6 100,1 
84,1 89,1 100,1 
84,1 89,1 90,1 94,1 
84,1 
84,1 
84,1 92,1 
84,1 
84,1 
84,1 
84,1 
84,1 
84,1 
84,1 
84,1 
84,1 
84,1 
84,1 
84,1 
84,1 
84,1 
84,2 
84,2 
84,1 
84,1 
84,1 
84,2 
84,1 
84,1 
84,1 
84,1 
84,2 
84,1 
84,1 
84,1 91,2 
84,1 
84,1 
84,1 
84,1 
84,1 
84,2 
84,1 
84,1 
84,1 
84,1 
84,1 
84,1 
84,1 
84,1 
84,1 
84,1 
84,1 
84,2 
84,1 
84,1 
84,1 
84,1 
84,2 
84,1 
84,1 
84,1 
84,1 
84,1 
84,1 
84,1 89,1 
84,1 
84,1 
84,1 87,2 92,1 100,1 
84,1 
84,1 
84,1 
84,1 
84,1 
84,1 
84,1 
84,1 
84,1 
84,1 
84,1 
84,1 
84,1 101,1 
84,1 
84,1 
84,1 
84,1 
84,1 
84,1 
84,1 
84,1 
84,1 
84,1 
84,1 
84,1 
84,1 
84,1 
84,1 
84,1 
84,1 
84,1 
84,1 
84,1 89,1 
84,1 
91,5 
91,1 
91,1 
91,1 
91,1 
91,1 
91,1 
91,1 
91,1 
87,8 91,1 
91,1 
91,1 
91,1 
91,1 
91,12 
91,2 
91,1 
91,2 
91,1 
91,1 
91,1 
91,1 
91,4 
91,2 
91,3 92,1 
91,2 
91,1 
91,1 
91,1 
91,1 
91,5 
91,1 
91,3 
91,2 
91,2 
91,2 
91,1 
91,2 
91,2 
91,2 
91,2 
91,2 
91,2 
91,1 
91,2 
91,1 
91,3 
91,4 
91,1 
91,1 
91,1 
91,1 
91,1 
91,2 
91,3 
91,2 
91,1 
91,1 
91,1 
91,1 
91,1 
91,3 
91,4 
91,1 
91,4 
91,3 
91,2 
91,5 
91,7 
91,1 
91,1 
91,2 
91,1 
91,2 
91,1 
91,1 
91,1 
91,4 
91,1 
91,1 
91,1 
91,1 
91,18 
91,1 
91,1 
91,1 
88,1 91,1 
91,1 
91,2 
91,1 
91,1 
91,2 
91,1 
91,1 
91,1 
91,1 
91,3 
91,2 
91,1 
91,1 
91,1 
91,1 
91,1 
91,1 
91,1 
91,1 
91,1 
91,1 
91,1 
91,1 
91,1 
91,1 
91,1 
91,2 
91,2 
91,1 
91,1 
91,3 
91,1 
91,1 
91,1 
91,1 
91,1 
91,1 
91,2 
91,2 
91,1 
91,1 
91,4 
91,1 
91,1 
91,1 
91,1 
91,1 
91,1 
91,1 
91,1 
91,1 
91,1 
91,1 
91,1 
91,1 
91,1 
91,1 
91,1 
91,1 
91,1 
91,1 
91,2 
91,1 
91,1 
91,2 
91,1 
91,1 
91,2 
91,1 
91,1 
91,5 
91,1 
91,1 
91,1 
91,1 
91,1 
91,1 
91,3 
91,2 
91,2 
91,3 
91,1 
91,1 
91,1 
91,1 
91,2 
91,1 
91,2 
91,1 
91,1 
91,1 
91,2 
91,1 
91,1 95,1 
91,1 101,1 
91,1 
91,1 
91,4 
91,3 
91,1 
91,1 
91,2 
91,4 
91,1 
91,1 
91,1 
91,1 
91,1 
91,1 
89,1 91,1 94,1 
91,1 
91,1 
91,1 
91,1 
91,1 
91,1 
91,1 
91,1 
91,1 95,1 
91,1 
91,1 
91,1 
91,1 
87,1 91,1 95,1 100,1 
91,1 
91,1 
91,1 
91,1 95,1 
91,1 95,1 
91,1 95,1 
91,1 
91,1 95,1 
88,1 91,1 95,1 
91,1 
91,1 
91,1 
87,1 89,1 91,1 100,1 
87,1 88,1 91,1 100,1 
87,1 91,2 100,1 
87,2 91,1 100,1 
87,1 91,1 98,1 100,1 
87,1 91,1 100,1 
87,1 91,1 98,1 100,1 101,1 
87,1 88,1 89,1 91,1 100,1 
87,1 88,1 91,1 100,1 
91,1 
91,1 
91,2 
91,1 
91,2 
91,1 
91,3 
91,1 
91,1 
91,1 
91,1 
87,2 91,3 
87,4 91,2 
87,4 89,15 91,1 92,4 
87,2 91,3 
87,2 91,1 
87,1 91,1 
87,1 91,1 
87,2 91,1 
87,1 91,1 
87,1 91,1 
87,1 91,1 
87,4 91,1 
87,1 91,1 
87,5 91,1 
87,1 91,2 
87,1 91,1 
87,1 91,1 
87,6 91,1 92,27 
87,1 91,1 
87,1 91,1 
87,1 91,1 
87,2 91,1 
87,1 91,1 
87,1 91,1 
87,1 91,1 
87,7 91,1 
87,1 91,1 
87,3 89,2 91,1 
87,2 91,1 
87,3 91,1 
87,2 91,1 
87,2 91,1 
87,1 91,3 
87,1 91,2 
87,1 91,1 
87,1 91,1 
87,1 91,1 
87,1 91,1 
87,3 91,1 
87,1 91,1 
87,1 91,1 
87,1 91,1 
87,1 91,1 
87,1 91,1 
87,1 89,1 91,1 
87,1 91,1 
87,1 91,1 
87,1 91,1 
87,1 91,1 
87,1 91,1 
87,1 91,1 
87,1 91,1 
87,2 91,1 
87,1 91,2 
87,1 91,2 
87,1 91,1 
87,1 91,1 
87,1 91,1 
87,1 91,1 
87,1 91,1 
87,1 91,1 103,1 
87,1 91,1 
87,1 91,1 
87,1 91,1 
87,5 89,6 91,1 92,7 
87,1 91,1 
87,1 91,1 
87,1 91,1 92,1 
87,1 91,1 
87,1 91,1 
87,1 91,1 
87,4 91,2 
87,1 91,2 
87,1 91,1 
87,2 91,1 
87,2 91,1 
87,4 91,1 
87,1 91,1 92,3 
87,1 91,1 
87,1 91,2 
87,2 91,2 
87,1 91,1 
87,1 91,1 
87,1 91,1 
87,2 91,1 
87,2 91,1 
87,1 91,1 
87,1 91,1 
87,1 91,1 
87,1 91,1 
87,1 91,1 
87,1 91,1 
87,1 91,1 
87,1 91,1 
87,1 88,1 91,1 
87,1 91,1 
87,1 91,1 
87,4 89,2 91,1 92,2 
87,1 91,1 
87,1 91,1 
87,1 91,1 
87,1 91,1 
87,1 91,1 
87,1 91,1 
87,1 91,1 
87,1 91,1 
87,1 91,1 
87,1 91,1 
87,1 91,3 
87,1 91,1 
87,1 91,1 
87,1 91,1 
87,1 91,1 
87,2 91,1 
87,1 91,1 
87,1 91,1 
87,1 91,1 
87,2 91,2 
87,1 91,1 
87,1 91,1 
87,1 91,1 
87,1 91,1 
87,1 91,1 
87,1 91,1 
87,1 91,1 
87,1 91,1 
87,1 91,1 
87,1 91,1 
87,1 91,1 
87,1 91,1 
87,1 91,1 
87,10 91,1 
87,1 91,1 
87,1 91,1 
87,1 91,1 
87,2 91,1 
87,1 91,2 
87,1 91,1 
87,1 91,1 
87,1 91,1 
87,1 91,1 
87,4 89,1 91,1 
87,1 91,1 
87,1 91,2 
87,1 91,1 
87,1 91,1 
87,1 91,1 
87,1 91,1 
87,1 91,2 
87,1 91,1 
87,1 91,1 
87,1 91,1 
87,1 91,1 
87,1 91,2 
87,1 91,1 
87,1 91,1 
87,1 91,1 
87,1 91,1 
87,2 91,1 
87,1 91,2 
87,1 91,1 
87,1 91,1 
87,1 91,1 103,1 
87,1 91,1 
87,1 91,1 
87,1 91,1 
87,1 89,1 91,1 
87,1 91,1 92,1 
87,1 91,1 92,1 
87,1 91,1 
87,1 91,1 
87,1 91,1 
87,1 91,1 
87,1 91,1 
87,1 91,1 
87,1 91,1 
87,1 91,1 
87,1 91,1 
87,1 91,1 100,1 
87,1 91,1 92,1 
87,1 91,1 
87,1 91,1 
87,1 91,1 
87,1 91,1 
87,1 91,1 
87,1 91,1 
87,1 91,1 
87,2 91,1 
87,1 91,1 
87,1 91,1 
87,1 91,1 
87,1 91,1 
87,1 91,1 
87,1 91,1 
87,1 91,1 
87,1 91,1 
87,1 91,1 
87,1 91,1 
87,1 91,1 
87,1 91,1 
87,1 91,1 
87,1 91,1 
87,1 91,1 
87,1 91,1 
87,1 91,1 
87,1 91,1 
87,1 91,1 
87,1 91,1 
87,1 91,1 
87,1 91,1 
87,1 91,1 
87,1 91,1 92,1 
87,1 91,1 
87,1 91,1 
87,1 91,1 
87,1 91,1 
87,1 91,1 
87,1 91,1 
87,1 91,1 
87,1 91,1 
87,1 91,1 
87,1 91,2 
87,2 91,1 
87,1 91,1 
87,1 91,1 
87,1 91,1 
87,1 91,1 
87,1 91,1 
87,1 91,1 
87,1 91,1 
87,1 91,1 
87,1 91,1 
87,1 91,1 
87,1 91,1 
87,1 91,1 
87,1 91,5 
87,1 91,1 
87,1 91,2 
87,1 91,4 
87,1 91,1 
87,1 91,1 
87,1 91,2 
87,2 91,1 92,2 
87,1 91,1 
87,2 91,1 
87,7 91,1 
87,2 91,1 
87,2 91,1 
87,2 91,1 
87,2 89,1 91,1 
87,2 91,1 
87,2 91,1 92,2 
87,2 91,1 
87,1 91,1 
87,2 91,1 
87,2 91,1 92,1 
87,2 91,1 
87,1 91,1 
87,2 91,1 
87,2 91,1 
87,1 91,1 
87,2 91,1 
87,1 91,1 
87,2 91,1 92,2 
87,1 91,1 
87,2 91,1 
87,2 91,1 
87,2 91,1 
87,1 91,1 
87,1 91,1 
87,1 91,1 
87,1 91,1 
87,1 91,1 
87,1 91,1 
87,1 91,1 
87,1 91,1 
87,1 91,1 
87,1 91,1 
87,2 91,1 100,1 
87,1 91,1 
87,1 91,1 
87,1 91,1 
87,1 91,1 
87,1 91,1 
87,1 91,1 
87,1 91,1 
87,1 91,1 
87,1 91,1 
87,1 91,1 
87,1 91,1 
87,1 91,1 
87,1 91,1 
87,1 91,1 
87,1 91,1 
87,1 91,1 
87,1 91,1 
87,1 91,1 
87,1 91,1 
87,1 91,2 
87,1 91,1 
87,1 91,1 
87,1 91,1 
87,1 91,1 
87,1 91,1 
87,1 91,1 
87,1 91,1 
87,1 91,1 
87,1 91,2 
87,1 91,2 
87,1 91,1 
87,1 91,1 92,1 
87,1 91,1 
87,1 91,1 
87,1 91,2 
87,1 89,1 91,1 
87,1 91,1 
87,1 91,1 
87,1 91,1 
87,1 91,1 
87,1 91,1 
87,1 91,1 
87,1 91,1 
87,1 91,1 
87,1 91,1 
87,1 91,1 
88,2 91,1 
87,6 91,1 
87,2 91,1 
88,1 91,1 
87,1 91,1 
87,1 91,1 
87,1 91,1 
87,1 91,1 
87,1 91,1 
87,1 91,1 
87,1 91,1 
87,1 91,1 
87,1 91,1 
87,1 91,1 
87,1 91,1 
87,1 91,1 
88,1 91,1 
87,1 91,1 
88,1 91,1 
87,1 91,1 
88,1 91,1 95,1 101,1 
88,1 91,1 
87,1 91,1 
87,1 91,1 
87,2 91,1 
87,1 91,1 
87,1 91,1 
87,1 91,1 
87,1 91,1 
87,1 91,1 
87,1 91,1 
88,1 91,1 
87,1 91,1 
87,1 91,1 
87,1 91,1 
87,1 91,1 
88,3 91,1 
87,1 91,1 
87,1 91,1 
87,1 91,1 
87,1 91,1 
88,3 91,1 
87,1 91,1 
88,2 91,1 
87,1 98,1 
88,1 98,1 
87,1 98,1 
87,1 98,1 
87,1 98,1 
87,1 98,1 
87,1 98,1 
88,1 98,1 
87,1 98,1 
88,1 98,1 
87,1 98,1 
87,1 98,1 
88,1 98,1 
87,1 98,1 
87,1 98,1 
87,1 98,1 103,1 
87,1 98,1 
87,1 98,1 
88,2 98,1 
87,1 98,1 
87,1 100,1 
87,1 100,1 
87,1 100,1 
88,2 100,1 101,1 
87,1 100,1 
87,1 100,1 
88,1 100,1 
88,1 100,1 
88,1 100,1 
88,2 100,1 
87,2 100,1 
88,1 100,1 
87,1 100,1 
88,1 100,1 
87,1 100,1 
87,1 100,1 
88,4 100,1 
88,3 100,1 101,1 
87,1 100,1 
88,5 100,1 101,1 
87,1 94,1 100,1 
87,1 100,1 
87,1 100,1 
87,1 94,1 100,1 
88,1 100,1 
87,1 100,1 
88,1 100,1 
87,1 100,1 
87,1 100,1 
88,1 100,1 105,1 
87,1 100,1 
88,1 100,1 
87,1 92,2 100,1 
88,1 100,1 
88,1 100,1 
87,1 100,1 
87,1 100,1 
88,1 100,1 
87,1 100,1 
87,2 100,1 
88,1 92,1 94,1 100,1 
87,2 100,1 
88,1 100,1 
87,1 100,1 
88,1 100,1 
87,1 100,1 
88,1 100,1 
87,1 100,1 
88,1 100,1 
87,1 100,1 
88,1 100,1 
87,3 89,1 92,2 100,1 
88,2 100,1 
87,2 100,1 
88,1 100,1 
87,1 100,1 
87,1 100,1 
87,1 100,1 
88,1 100,1 
88,1 100,1 
87,1 100,1 
87,1 100,1 
87,1 100,1 
88,1 100,1 
87,2 100,1 
88,1 100,1 
87,1 100,1 
87,1 100,1 
88,1 100,1 
87,2 92,1 100,1 
88,1 95,1 100,1 101,1 
87,1 100,1 
89,2 100,1 
87,1 100,1 
89,1 100,1 
87,1 100,1 
87,1 100,1 
87,1 100,1 
87,1 100,1 
87,1 100,1 
87,1 100,1 
87,1 100,1 
87,3 100,1 
87,4 100,1 
87,1 89,1 100,1 
87,2 100,1 
87,1 100,1 
87,1 100,1 
87,1 100,1 
87,1 100,2 
87,1 100,1 
87,1 100,1 
87,1 100,1 
87,1 100,1 
87,1 100,1 
87,1 100,1 
87,1 100,1 
87,1 100,1 
87,1 100,1 
87,1 100,1 
87,1 100,1 
87,1 100,1 
87,1 100,1 
87,1 100,1 
87,1 100,1 
87,1 100,1 
87,1 100,1 
87,1 100,1 
87,1 100,1 
87,1 94,3 100,1 
87,1 100,1 
87,1 100,1 
87,1 100,1 
87,1 100,1 
87,1 100,1 
87,2 100,1 
87,1 100,1 
87,1 100,1 
87,1 100,1 
87,2 100,1 
87,2 100,1 
87,1 100,1 
87,1 100,1 
87,1 100,1 
87,1 100,1 
87,1 100,1 
87,1 100,1 
87,1 100,1 
87,2 100,1 
87,1 100,1 
87,1 100,1 
87,1 100,1 
87,1 100,1 
87,1 100,1 
87,1 100,1 
87,3 92,1 100,1 
87,1 90,1 
87,1 90,1 92,1 
87,1 90,1 
87,1 90,1 
87,1 90,1 
87,1 90,1 
87,2 90,1 
87,2 90,1 
87,2 90,1 
87,1 90,1 
87,1 90,1 
87,2 90,1 
87,1 90,1 
87,1 90,1 
87,2 90,1 
87,2 90,1 
87,1 90,1 
87,1 90,1 
87,1 90,1 
87,1 90,1 
87,1 90,1 
87,1 90,1 
87,1 90,1 
87,1 90,1 
87,1 88,1 90,1 
87,1 88,1 90,1 94,2 
87,1 90,1 
87,1 88,1 
87,1 88,1 
88,1 
88,1 
87,1 88,1 
88,1 
88,1 
88,1 
87,1 88,1 
88,1 
87,1 88,1 
88,1 
87,1 88,1 
88,1 
88,1 
87,1 88,1 
88,1 
87,1 88,1 
87,1 88,1 
88,1 
87,1 88,1 
88,1 
87,1 88,1 
88,1 
87,1 88,1 
88,1 
88,1 
88,1 89,1 
88,1 89,5 
87,1 88,1 89,1 
88,1 89,10 
88,1 89,2 
88,1 89,2 
88,1 89,1 
88,1 89,1 
87,1 88,1 
88,1 89,1 
88,1 89,1 
87,1 88,1 
87,1 88,1 
88,1 
87,1 88,1 
88,1 
87,1 88,1 
88,1 
88,1 
88,1 
87,1 88,1 
88,1 
87,1 88,1 
88,1 
88,1 
87,1 88,1 
88,1 
88,1 101,1 
88,1 
87,1 88,1 
88,1 
87,1 88,1 
88,1 
87,1 88,1 
87,1 88,1 
87,1 88,1 
87,1 88,1 
87,1 88,3 
88,1 
88,1 
88,1 
88,1 101,1 
88,1 95,1 101,1 
88,1 
88,1 101,1 
88,1 
88,1 
88,1 89,27 
88,1 89,1 
88,1 89,1 
88,1 89,1 
88,1 89,1 
88,1 89,2 
88,1 89,1 
88,1 
88,1 
88,1 
88,1 
88,1 
88,1 
88,1 
88,1 
88,1 
88,1 
101,1 
101,1 
101,1 
101,2 
101,1 
101,1 
101,1 
101,1 
94,1 101,1 
87,1 94,2 101,1 
94,1 101,1 
94,1 101,1 
94,1 101,1 
101,2 
101,3 
101,1 
101,1 
101,1 
101,1 
101,1 
101,1 
101,1 
101,1 
101,1 
101,1 
101,2 
101,1 
101,1 
101,1 
101,1 
101,1 
101,1 
101,1 
101,1 
101,3 
101,1 
101,1 
101,4 
101,2 
101,2 
101,1 
101,1 
101,1 
101,2 
101,1 
101,1 
101,2 
89,1 101,1 
101,1 
92,2 101,1 
101,1 
101,1 
101,1 
101,1 
101,1 
101,1 
101,1 
101,1 
101,1 
101,1 
101,1 
101,1 
101,1 
101,1 
101,1 
101,1 
101,1 
101,1 
101,1 
101,1 
101,1 
101,2 
94,1 101,1 
101,1 
101,1 
92,1 101,1 
101,1 
101,1 
89,1 101,1 
101,1 
101,1 
101,1 
101,1 
101,1 
101,1 
101,1 
101,1 
101,1 
101,1 
101,1 
101,1 
101,1 
101,1 
101,1 
101,1 
101,1 
101,1 
101,1 
101,1 
101,1 
101,1 
101,1 
101,2 
101,2 
101,2 
101,1 
101,1 
101,1 
101,1 
101,1 
101,1 
101,1 
101,1 
101,1 
101,1 
101,1 
101,1 
101,1 
94,1 101,1 
101,1 
101,1 
101,1 
101,1 
101,1 
101,1 
101,1 
101,1 
101,1 
101,1 
101,1 
101,1 
101,1 
101,1 
101,1 
101,1 
101,1 
101,1 
101,1 
101,1 
101,1 
101,1 
101,1 
101,1 
101,1 
101,1 
101,1 
101,1 
101,1 
101,1 
101,1 
101,2 
101,1 
101,1 
101,1 
101,1 
101,1 
101,1 
101,1 
101,1 
101,1 
89,1 92,1 101,1 
101,1 
101,1 
101,1 
101,1 
101,1 
101,1 
101,1 
101,1 
101,2 
101,1 
101,1 
101,1 
101,1 
101,1 
101,1 
101,1 
101,1 
101,1 
101,1 
101,1 
101,1 
101,1 
101,2 
101,2 
101,1 
101,1 
101,1 
101,1 
101,1 
101,1 
101,1 
101,1 
101,1 
101,1 
101,1 
101,1 
101,2 
101,1 
101,1 
101,1 
101,2 
101,1 
101,1 
101,1 
101,1 
101,1 
101,1 
101,2 
101,1 
101,1 
101,1 
101,1 
101,1 
101,1 
92,1 
92,2 
92,6 
92,4 
92,4 
92,2 
92,1 
92,1 
92,2 
92,2 
92,1 
92,6 
92,2 
92,1 
92,1 
92,7 
92,3 
92,1 
92,1 
92,2 
92,2 
92,2 
92,2 
92,2 
92,2 
92,3 
92,1 
92,2 
92,1 
92,1 
92,1 
92,1 
92,2 
92,1 
92,1 
92,1 
92,1 
92,2 
92,3 
92,1 
92,1 
92,1 
92,1 
92,3 
92,5 
92,1 
92,4 
92,3 
92,1 
92,4 
92,3 
92,1 
92,1 
92,1 
92,1 
92,4 
92,1 
92,2 
92,1 
92,1 
92,3 
92,1 
92,1 
92,1 
92,1 
92,1 
92,1 
92,2 
92,1 
92,2 
92,3 
92,1 
92,1 
92,2 
92,1 
92,1 
92,1 
92,1 
92,1 
92,1 
92,1 
92,1 
92,1 
92,1 
92,1 
92,2 
92,1 
92,1 
92,5 
92,1 
92,1 
92,1 
92,1 
92,2 
92,1 
92,1 
92,3 
92,4 
92,1 
92,1 
92,1 
92,2 
92,1 
89,2 92,1 
92,1 
92,1 
92,1 
92,1 
92,1 
92,2 
92,1 
92,1 
92,2 
92,1 
92,1 
92,1 
92,1 
92,1 
92,1 
92,1 
92,1 
92,1 
92,2 
92,1 
92,1 
92,1 
92,1 
92,1 
92,2 
92,1 94,1 
92,1 
92,1 
92,1 
92,1 
92,1 
92,3 
92,1 
92,1 
92,1 
92,1 
92,1 
92,1 
92,1 
92,1 
92,1 
92,1 
92,1 
89,6 92,1 
92,1 
92,1 
92,1 
92,1 
92,1 
92,2 
92,1 
92,1 
92,1 
92,1 
92,1 
92,1 
92,1 
92,1 
92,2 
92,1 
92,1 
92,1 
92,1 
92,1 
92,1 
92,1 
92,1 
92,1 
92,1 
92,1 
92,1 
92,2 
92,1 
92,1 
92,1 
92,4 
92,2 
92,4 
92,3 
92,1 
92,4 
92,1 
92,1 
92,1 
92,1 
92,2 
92,1 
92,1 
92,1 
92,1 
92,1 
92,1 
92,1 
92,1 
92,1 
92,1 
92,1 
92,1 
92,1 
92,1 
92,1 
92,1 
92,1 
92,1 
92,1 
92,1 
92,1 
92,1 
92,1 
92,1 
92,1 
92,1 
92,1 
92,1 
92,1 
92,1 
92,2 
92,1 
92,1 
92,1 
92,1 
92,1 
92,1 
92,1 
92,2 
92,1 
92,1 
92,1 
92,1 
92,1 
92,1 
92,1 
92,1 
92,1 
92,1 
92,1 
92,1 
92,1 
92,1 
92,1 
92,2 
92,1 
92,1 
92,1 
92,1 
92,1 
92,1 
92,1 
92,1 
92,1 
92,1 
92,1 
92,1 
92,1 
92,1 
92,1 
92,1 
92,1 
92,1 
92,1 
92,1 
92,1 
92,1 
92,1 
92,1 
92,1 
92,1 
92,1 
92,1 
92,1 
92,1 
92,1 
92,1 
92,1 
92,1 
92,1 
92,1 
92,1 
92,1 
92,1 
92,1 
92,1 
92,1 
92,1 
92,1 
92,1 
92,1 
92,1 
92,1 
92,1 
92,1 
92,2 
92,1 
92,1 
92,1 
92,1 
92,1 
92,1 
92,1 
92,1 
92,1 
89,4 92,1 
92,1 
92,1 
92,1 
92,1 
92,1 
92,1 
92,1 
92,1 
92,1 
92,1 
92,1 
92,1 
92,1 
92,1 
92,1 
92,1 
92,1 
92,1 
92,1 
92,1 
92,1 
92,1 
92,1 
92,1 
92,1 
92,1 
92,1 
92,3 
92,1 
92,2 
92,1 
92,1 
92,2 
92,1 
92,1 
92,1 
92,1 
92,1 
92,1 
92,3 
92,1 
92,1 
92,1 
92,2 
92,1 
92,1 
92,1 
92,1 
92,1 
92,1 
92,2 
92,1 
92,1 
92,1 
92,1 
92,1 
92,1 
92,1 
92,3 
92,1 
92,1 
92,1 
92,1 
92,1 
92,1 
92,1 
92,1 
92,1 
92,1 
92,1 
92,1 
92,1 
92,1 
92,1 
92,1 
92,1 
92,1 
92,2 
92,1 
92,1 
92,1 
92,1 
92,1 
92,1 
92,1 
92,1 
92,1 
92,1 
92,1 
92,2 
92,1 
92,1 
92,1 
92,1 
92,1 
92,3 
92,1 
92,1 
92,2 
92,1 
92,1 
92,1 
92,1 
92,1 
92,1 
92,1 
92,1 
92,1 
92,1 
92,1 
92,1 
92,1 
92,1 
92,1 
92,1 
92,1 
92,1 
92,1 
92,1 
92,1 
92,1 
92,2 
92,1 
92,1 
92,1 
92,1 
92,1 
92,1 
92,2 
92,1 
92,1 
92,2 
92,1 
92,1 
92,1 
92,2 
92,3 
92,1 
92,1 
92,1 
92,1 
92,1 
92,1 
92,1 
92,1 
92,1 
92,1 
92,1 
92,1 
92,1 
92,1 
92,1 
92,1 
92,1 
92,1 
92,1 
92,1 
92,1 
92,1 
92,1 
92,1 
92,1 
92,1 
92,1 
92,1 
92,2 
92,1 
92,1 
92,1 
92,1 
92,1 
92,1 
92,1 
92,1 
92,1 
92,1 
92,1 
92,1 
92,1 
92,1 
94,1 
94,3 
94,12 
94,6 
94,4 
94,4 
94,1 
94,4 
94,3 
94,3 
94,2 
94,1 
94,1 
94,3 
94,15 
94,4 
94,1 
94,1 
94,1 
94,1 
94,2 
94,3 
94,1 
94,4 
94,1 
94,2 
94,3 
94,4 
94,1 
94,1 
94,10 
94,1 
94,1 
94,1 
94,1 
94,2 
94,3 
89,1 94,1 
94,1 
94,2 
94,2 
94,1 
94,2 
94,1 
94,1 
94,2 
94,1 
94,4 
94,4 
94,6 
94,2 
94,5 
94,2 
94,5 
94,2 
94,1 
94,1 
94,2 
94,2 
94,2 
94,3 
94,4 
94,15 
94,2 
94,2 
94,6 
94,5 
94,2 
94,1 
94,3 
94,2 
94,3 
94,7 
94,13 
94,2 
94,2 
94,1 
94,1 
94,2 
94,1 
94,1 
94,1 
94,1 
94,1 
94,1 
94,2 
94,1 
94,1 
94,1 
94,5 
94,1 
94,1 
94,1 
94,1 
94,1 
94,2 
94,1 
94,3 
94,1 
94,3 
94,1 
94,1 
94,1 
94,1 
94,1 
94,1 
94,1 
94,1 
94,1 
94,1 
94,1 
94,1 
94,1 
94,1 
94,1 
94,1 
94,1 
94,2 
94,1 
94,2 
94,1 
94,1 
94,1 
94,1 
94,2 
94,2 
94,1 
94,1 
94,1 
94,1 
94,1 
94,1 
94,3 
94,2 
94,1 
94,1 
94,2 
94,1 
94,1 
94,1 
94,1 
94,1 
94,1 
94,1 
94,2 
94,3 
94,1 
94,1 
94,1 
89,1 94,1 
94,3 
94,2 
94,4 
94,2 
94,1 
94,4 
94,1 
94,1 
94,1 
94,1 
94,1 
94,1 
94,1 
94,3 
94,1 
94,1 
94,1 
94,4 
94,2 
94,1 
94,2 
94,1 
94,1 
94,1 
94,1 
94,1 
94,1 
94,5 
94,1 
94,1 
94,2 
94,1 
94,1 
94,1 
94,1 
94,1 
94,1 
94,2 
94,1 
94,1 
94,1 
94,2 
94,2 
94,1 
94,8 
94,2 
94,1 
94,1 
94,1 
94,1 
94,1 
94,1 
94,1 
94,2 
94,1 
94,1 
94,1 
94,1 
94,1 
94,1 
94,1 
94,2 
94,1 
94,1 
94,1 
94,2 
94,1 
94,1 
94,1 
94,1 
94,1 
94,1 
94,1 
94,1 
94,1 
94,1 
94,1 
94,1 
94,2 
94,1 
94,1 
94,1 
94,1 
94,2 
94,2 
94,3 
94,2 
94,2 
94,1 
94,1 
94,1 
94,1 
94,1 
94,1 
94,2 
94,1 
94,3 
94,1 
94,1 
94,1 
94,1 
94,1 
94,1 
94,1 
94,1 
94,1 
94,1 
94,1 
94,1 
94,1 
94,1 
94,1 
94,1 
94,1 
94,2 
94,2 
94,1 
94,1 
94,1 
94,1 
94,2 
94,1 
94,1 
94,2 
94,1 
94,1 
94,1 
94,1 
89,1 94,2 
94,1 
94,2 
94,1 
94,1 
94,1 
94,1 
94,1 
94,1 
94,1 
94,1 
94,1 
94,1 
94,1 
94,1 
94,1 
94,1 
94,1 
94,2 
94,1 
94,1 
94,2 
94,1 
94,1 
94,1 
94,1 
94,1 
94,1 
94,1 
94,1 
94,1 
94,1 
94,1 
94,1 
94,1 
94,2 
94,1 
94,1 
94,1 
94,1 
94,1 
94,1 
94,1 
94,1 
94,1 
94,1 
94,1 
94,1 
94,1 
94,1 
94,1 
94,1 
94,1 
94,1 
94,1 
94,1 
94,1 
94,1 
94,1 
94,2 
94,1 
94,5 
94,1 
94,1 
94,1 
94,1 
94,1 
94,1 
94,1 
94,1 
94,1 
94,1 
94,2 
94,1 
94,1 
94,1 
94,1 
94,1 
94,1 
94,1 
94,1 
94,1 
94,1 
94,1 
94,1 
94,1 
94,1 
94,1 
94,1 
94,2 
94,1 
94,1 
94,1 
94,1 
94,1 
94,1 
94,2 
94,1 
94,1 
94,1 
94,1 
94,1 
94,1 
94,1 
94,1 
94,1 
94,1 
94,4 
94,1 
94,1 
94,1 
94,1 
94,1 
94,1 
94,1 
94,1 
94,1 
94,1 
94,1 
94,2 
94,2 
94,1 
94,1 
94,1 
94,2 
94,2 
94,2 
94,1 
94,1 
94,1 
94,1 
94,1 
94,1 
94,1 
94,1 
94,1 
94,1 
94,1 
94,1 
94,1 
94,1 
94,1 
94,1 
94,1 
94,1 
94,1 
94,1 
94,1 
94,1 
94,3 
94,1 
94,1 
94,1 
94,1 
94,1 
94,1 
94,2 
94,1 
94,1 
94,1 
94,1 
94,1 
94,1 
89,1 94,2 
94,1 
94,1 
94,1 
94,1 
94,1 
94,1 
94,1 
94,1 
94,1 
94,1 
94,1 
94,1 
94,1 
94,1 
94,1 
94,1 
89,1 94,2 
94,1 
94,1 
94,1 
94,1 
94,1 
94,1 
94,1 
94,1 
94,1 
94,1 
94,1 
94,1 
94,1 
105,1 
105,1 
105,1 
105,1 
105,1 
87,1 105,1 
87,1 105,1 
105,1 
105,1 
105,1 
105,1 
105,1 
105,1 
105,1 
105,1 
105,1 
105,1 
105,1 
105,1 
105,1 
105,1 
105,1 
105,1 
105,1 
105,1 
105,1 
105,1 
105,1 
103,1 
95,1 103,1 
95,1 103,1 
95,1 103,1 
95,1 103,1 
95,1 103,1 
95,1 103,1 
95,1 103,5 
95,1 103,1 
95,2 103,1 
95,2 103,1 
95,2 103,1 
95,2 103,1 
95,1 103,1 
95,1 103,2 
95,1 103,1 
95,1 103,1 
95,1 103,1 
95,1 103,1 
95,1 103,1 
95,1 103,1 
103,1 
103,1 
103,1 
103,1 
103,1 
103,1 
103,1 
103,1 
103,1 
103,1 
103,1 
103,1 
103,1 
103,1 
103,1 
103,1 
89,1 103,1 
103,1 
103,1 
95,1 
95,1 
95,1 
95,1 
95,1 
89,1 
89,1 
89,1 
89,1 
89,1 
89,3 
89,1 
89,1 
89,2 
89,2 
89,1 
89,1 
89,2 
89,1 
89,3 
89,1 
89,2 
89,1 
89,1 
89,1 
89,1 
89,1 
89,1 
89,2 
89,4 
89,1 
89,1 
89,1 
89,2 
89,1 
89,1 
89,1 
89,1 
89,1 
89,1 
89,2 
89,1 
89,1 
89,2 
89,2 
89,1 
89,1 
89,1 
89,1 
89,1 
89,1 
89,1 
89,1 
89,1 
89,1 
89,1 
89,1 
89,1 
89,1 
89,1 
89,1 
89,1 
89,1 
89,1 
89,1 
89,1 
89,1 
89,1 
89,2 
89,1 
89,1 
89,4 
89,3 
89,1 
89,1 
89,1 
89,1 
89,1 
89,1 
89,1 
89,1 
89,1 
89,1 
89,1 
89,1 
89,1 
89,1 
89,1 
89,1 
89,5 
89,1 
89,4 
89,1 
89,1 
89,1 
89,2 
89,2 
89,1 
89,1 
89,1 
89,1 
89,1 
89,1 
89,1 
89,1 
89,1 
89,4 
89,1 
89,1 
89,1 
89,1 
89,2 
89,1 
89,1 
89,1 
89,1 
89,1 
89,4 
89,2 
89,1 
89,1 
89,1 
89,1 
89,1 
89,1 
89,1 
89,1 
89,1 
89,1 
89,1 
89,1 
89,1 
89,1 
89,1 
89,1 
89,1 
89,1 
89,1 
89,1 
89,1 
89,1 
89,1 
89,1 
89,2 
89,1 
89,1 
89,1 
89,1 
89,2 
89,1 
89,1 
89,1 
89,1 
89,1 
89,1 
89,1 
89,1 
89,1 
89,1 
89,1 
89,1 
89,2 
89,1 
89,1 
89,1 
89,1 
89,1 
89,1 
89,1 
89,1 
89,1 
89,1 
89,1 
89,1 
89,2 
89,1 
89,1 
89,1 
89,1 
89,1 
89,1 
89,1 
89,1 
89,1 
89,1 
89,1 
89,1 
89,1 
89,1 
89,1 
89,1 
89,1 
89,1 
89,1 
89,1 
89,1 
89,1 
89,1 
89,1 
89,1 
89,1 
89,1 
89,3 
89,5 
89,3 
89,1 
89,3 
89,2 
89,1 
89,3 
89,2 
89,1 
89,1 
89,1 
89,1 
89,1 
89,1 
89,1 
89,1 
89,2 
89,3 
89,1 
87,1 89,1 
89,1 
89,1 
89,1 
89,1 
89,1 
89,2 
87,1 89,2 
89,1 
89,1 
89,2 
89,1 
89,1 
89,1 
89,1 
89,1 
89,1 
89,1 
89,1 
89,1 
89,1 
89,1 
89,1 
89,1 
89,4 
89,7 
89,2 
89,1 
89,1 
89,1 
89,1 
89,2 
89,1 
89,4 
89,1 
89,1 
89,3 
89,1 
89,1 
89,1 
89,1 
89,1 
89,1 
89,1 
89,1 
89,1 
89,1 
89,1 
89,1 
89,1 
89,1 
89,1 
89,2 
89,3 
89,1 
89,1 
89,3 
89,3 
89,1 
89,2 
89,1 
89,1 
89,1 
89,1 
89,1 
89,1 
89,1 
89,1 
89,1 
89,2 
89,1 
89,1 
89,1 
89,1 
89,1 
89,1 
89,1 
89,1 
89,1 
89,1 
89,1 
89,1 
89,1 
89,1 
89,1 
89,1 
89,1 
89,2 
89,2 
89,1 
89,1 
89,1 
89,1 
89,1 
89,1 
89,1 
89,1 
89,2 
89,2 
89,2 
89,1 
89,1 
89,1 
89,1 
89,1 
89,1 
89,1 
89,1 
89,3 
89,1 
89,2 
89,1 
89,1 
89,1 
89,1 
89,1 
89,1 
89,1 
89,1 
89,1 
89,1 
89,1 
89,1 
89,1 
89,1 
89,2 
89,1 
89,1 
89,1 
89,1 
89,1 
89,1 
89,1 
89,1 
89,1 
89,1 
89,1 
89,1 
89,1 
89,1 
89,1 
89,1 
89,1 
89,1 
89,3 
89,1 
89,1 
89,2 
89,1 
89,1 
89,1 
89,1 
89,1 
89,1 
89,1 
89,1 
89,1 
89,2 
89,2 
89,1 
89,1 
89,1 
89,1 
89,1 
89,1 
89,1 
89,1 
89,1 
89,1 
89,1 
89,1 
89,1 
89,1 
89,2 
89,2 
89,1 
89,1 
89,1 
89,1 
89,1 
89,2 
89,1 
89,1 
89,1 
89,5 
89,1 
89,1 
89,1 
89,1 
89,1 
89,1 
89,1 
89,1 
89,2 
89,1 
89,1 
89,1 
89,1 
89,1 
89,1 
89,1 
89,1 
89,1 
89,1 
89,1 
89,1 
89,1 
89,2 
89,2 
89,1 
89,1 
89,1 
89,4 
89,1 
89,1 
89,1 
89,1 
89,1 
89,1 
89,2 
89,1 
89,1 
89,1 
89,1 
89,1 
89,1 
89,1 
89,1 
89,2 
89,1 
89,2 
89,1 
89,1 
89,1 
89,1 
89,1 
89,1 
89,2 
89,1 
89,1 
89,1 
89,1 
89,1 
89,1 
89,1 
89,1 
89,1 
89,1 
89,1 
89,1 
89,2 
89,1 
89,1 
89,1 
89,1 
89,1 
89,1 
89,1 
89,1 
89,1 
89,1 
89,1 
89,1 
89,1 
87,1 
87,1 
87,1 
87,1 
87,1 
87,1 
87,1 
87,1 
87,1 
87,1 
87,1 
87,1 
87,1 
87,1 
87,1 
87,1 
87,1 
87,1 
87,1 
87,1 
87,1 
87,1 
87,1 
87,1 
87,1 
87,1 
87,1 
87,1 
87,1 
87,1 
87,2 
87,1 
87,1 
87,1 
87,1 
87,1 
87,1 
87,1 
87,1 
87,1 
87,1 
87,1 
87,1 
87,1 
87,1 
87,1 
87,1 
87,1 
87,1 
87,1 
87,1 
87,1 
87,1 
87,1 
87,1 
87,1 
87,1 
87,1 
87,1 
87,1 
87,1 
87,1 
87,1 
87,1 
87,1 
87,1 
87,1 
87,1 
87,1 
87,1 
87,1 
87,1 
87,1 
87,1 
87,1 
87,1 
87,1 
87,1 
87,1 
87,1 
87,1 
87,2 
87,1 
87,1 
87,1 
87,1 
87,1 
87,1 
87,1 
87,1 
87,1 
87,1 
87,1 
87,1 
