0,1 3,1 4,1 5,1 7,1 8,1 9,1 10,1 11,1 12,1 13,1 14,1 15,1 16,1 17,1 18,1 19,1 20,1 21,1 22,1 23,1 24,1 25,1 26,1 27,1 28,1 29,1 30,1 31,1 32,1 33,1 34,1 35,1 36,1 37,1 38,1 39,1 41,1 42,1 43,1 44,1 45,1 46,1 47,1 48,1 49,1 50,1 51,1 52,1 53,1 54,1 55,1 56,1 57,1 58,1 59,1 61,1 62,1 63,1 64,1 65,1 66,1 67,1 68,1 69,1 95,2 
1,1 70,1 71,1 73,1 74,1 75,1 76,1 77,1 78,1 79,1 80,1 81,1 82,2 83,1 84,1 85,1 86,1 87,1 88,1 89,1 90,1 91,1 92,1 93,1 94,1 95,1 96,1 97,1 98,1 99,1 100,1 
1,21 40,2 70,14 71,11 73,1 74,1 75,1 77,8 78,2 79,18 81,11 82,1 83,2 84,2 85,2 86,1 87,11 90,1 91,2 94,5 95,3 96,10 97,3 98,4 99,3 
1,8 2,1 40,1 70,2 71,4 72,1 73,1 74,9 75,5 79,10 83,9 84,7 85,3 86,1 89,1 90,3 91,5 92,1 96,1 97,1 98,1 100,1 
1,3 40,1 70,2 71,3 74,1 75,1 78,1 79,4 83,2 84,1 85,1 91,1 96,1 97,1 98,1 100,1 
1,3 70,1 71,1 73,1 74,3 75,2 78,4 79,4 83,2 84,3 85,3 90,2 91,2 95,26 99,2 
1,9 2,3 40,1 70,7 71,7 73,7 74,9 75,8 78,8 79,24 83,11 84,17 85,8 86,3 89,4 90,9 91,7 93,8 95,47 99,18 
1,1 70,1 71,1 73,1 74,1 75,1 78,1 79,1 83,1 84,1 85,1 90,1 91,1 95,1 99,1 
1,3 70,3 71,3 72,1 73,4 74,4 75,3 78,3 79,2 81,2 83,3 84,3 85,3 86,1 89,1 90,3 91,3 93,1 95,3 99,3 
1,2 70,2 71,2 72,1 73,2 74,2 75,2 78,2 79,3 83,2 84,2 85,2 90,2 91,2 95,2 99,2 
1,1 72,1 73,1 74,1 75,3 78,1 79,1 83,1 84,1 85,2 90,1 91,3 93,1 
1,1 74,1 75,2 78,1 79,1 84,1 85,1 86,1 89,2 90,1 93,1 
1,1 40,1 70,2 71,1 73,1 74,1 75,4 78,1 83,3 84,3 85,5 90,1 91,2 94,1 95,370 99,33 
1,2 
1,13 2,1 40,3 70,4 71,1 74,1 75,5 76,13 79,15 84,3 86,1 90,1 
1,5 2,1 70,1 71,2 73,2 74,3 75,2 76,1 77,4 79,17 80,2 81,4 82,4 83,8 84,2 85,5 87,1 88,1 90,1 92,2 94,2 95,5 96,3 97,3 98,3 99,4 100,3 
1,1 71,1 72,2 79,2 84,1 96,1 97,1 98,1 100,1 
1,1 
1,1 71,1 79,1 96,1 97,1 98,1 100,1 
1,4 40,3 70,1 71,1 72,1 73,1 74,2 75,1 78,1 79,3 81,1 83,1 84,2 85,1 86,2 87,2 89,2 90,3 91,2 93,3 95,1 99,1 
1,1 78,1 79,1 
1,1 71,1 72,2 78,2 79,4 84,1 86,1 89,1 90,2 93,1 96,1 97,1 98,1 100,1 
1,1 71,2 86,1 90,1 93,9 96,2 97,2 98,2 100,2 
1,2 2,2 71,2 78,1 86,1 89,1 93,9 96,2 97,2 98,2 100,2 
1,3 70,1 71,1 73,1 74,1 75,1 76,2 77,1 78,1 83,3 84,2 85,3 87,3 90,3 91,3 94,1 95,1 96,1 99,1 
1,2 40,1 84,1 91,1 
1,8 2,1 40,3 70,1 71,1 73,1 75,3 78,4 89,1 90,3 91,2 93,11 
1,1 40,1 
1,4 40,4 
1,3 40,3 
1,3 40,3 76,1 81,1 84,2 87,3 
1,3 40,3 
1,3 40,3 72,7 79,3 86,1 89,1 93,1 
1,1 40,1 
1,1 40,1 
1,1 40,1 
1,1 40,1 
1,1 40,1 
1,1 2,1 40,1 71,1 84,1 93,2 96,1 97,1 98,1 100,1 
1,5 40,5 79,1 84,1 
1,1 40,1 79,1 
1,2 40,2 
1,2 40,2 87,1 89,1 
1,2 40,2 73,1 77,1 78,1 80,1 84,1 85,1 86,1 87,1 89,1 92,1 93,4 94,6 95,1 96,1 98,1 100,1 
1,2 40,2 
1,3 40,3 
1,4 40,4 71,2 79,1 84,1 87,1 89,8 90,2 96,2 97,2 98,2 100,2 
1,1 40,1 
1,1 40,1 85,1 89,1 
1,1 40,1 95,1 
1,1 40,1 
1,1 40,1 71,5 75,2 79,1 89,1 90,1 93,4 94,1 96,5 97,5 98,5 100,5 
1,4 40,4 74,1 79,1 86,1 87,1 93,24 
1,2 40,2 79,1 92,2 
1,1 40,1 
1,1 40,1 
1,1 40,1 77,2 79,1 81,5 84,2 89,1 
1,1 40,1 
1,1 40,1 71,1 79,3 84,1 86,1 90,2 93,2 96,1 97,1 98,1 100,1 
1,1 40,2 72,1 73,1 86,2 89,2 93,2 95,3 
1,2 40,2 79,2 90,1 91,1 
1,1 40,1 71,1 76,2 77,2 79,1 89,2 90,1 91,1 96,1 97,1 98,1 100,1 
1,1 40,1 
1,1 40,1 75,2 84,1 
1,1 40,1 
1,1 40,1 
1,2 40,2 71,1 72,3 79,1 85,1 93,2 
1,3 40,1 75,1 79,4 83,1 84,2 85,1 89,1 91,4 93,2 
1,1 40,1 72,1 79,2 81,1 86,1 89,2 91,1 93,1 
1,5 40,5 
1,1 40,1 76,1 83,1 86,1 93,2 94,1 96,1 100,1 
1,1 40,1 73,1 80,1 87,1 
1,1 40,1 
1,1 40,1 
1,1 40,1 71,1 72,1 86,1 89,1 92,1 93,2 96,1 97,1 98,1 100,1 
1,1 40,1 84,1 
1,1 40,1 
1,1 40,1 
1,1 40,1 
1,1 40,1 
1,1 40,1 
1,1 40,1 
1,1 40,1 
1,1 40,1 
1,1 40,1 73,1 
1,1 40,1 
1,1 40,1 
1,1 40,1 
1,2 40,2 
1,1 40,1 71,5 88,2 96,5 97,5 98,5 100,5 
1,1 40,1 
1,1 40,1 
1,9 40,3 70,2 71,2 72,1 73,1 74,3 78,1 79,8 83,1 84,1 85,1 86,1 89,2 90,2 91,1 93,15 95,1 96,1 97,1 98,1 99,1 100,1 
1,1 40,1 84,1 
1,2 40,2 
1,1 40,1 
1,3 40,3 
1,6 40,2 75,1 79,1 91,1 
1,1 40,1 
1,1 40,1 
1,1 40,1 
1,2 40,2 
1,1 40,1 79,1 84,1 
1,1 40,1 
1,1 40,1 
1,2 40,1 89,1 
1,1 40,1 
1,1 40,1 
1,1 40,1 
1,1 40,1 
1,1 40,1 
1,2 40,2 71,1 93,17 96,1 97,1 98,1 100,1 
1,2 40,1 74,1 85,1 
1,1 40,1 
1,1 40,1 
1,1 40,1 86,1 93,1 
1,1 40,1 74,1 93,1 
1,1 40,1 87,1 
1,5 40,2 70,1 71,1 73,1 74,1 75,1 76,2 78,1 83,1 84,1 85,2 86,1 89,1 90,4 91,1 93,1 95,1 99,1 
1,1 40,1 
1,1 40,1 
1,2 40,1 
1,1 40,1 
1,1 40,1 
1,1 40,1 
1,4 40,1 73,1 79,1 83,2 84,1 85,1 
1,2 40,1 70,1 84,1 86,3 93,1 
1,1 72,1 79,1 93,2 
1,1 72,2 79,1 83,1 86,4 89,4 93,1 
1,5 40,1 72,3 73,3 74,3 75,1 78,2 79,6 83,2 84,3 85,4 86,3 87,1 89,4 90,4 91,12 93,9 95,1 99,1 
1,1 85,2 90,3 93,4 
1,3 40,1 70,3 71,6 72,3 73,2 74,2 75,1 83,1 84,1 86,6 89,10 91,3 93,4 95,1 96,1 97,1 98,1 99,1 100,1 
1,1 
1,1 
1,1 
1,1 
1,1 
1,1 
1,2 79,1 83,2 
1,1 92,1 
1,1 71,31 85,1 96,31 97,31 98,31 100,31 
1,1 71,1 89,2 93,3 96,1 97,1 98,1 100,1 
1,3 83,4 84,4 86,1 89,1 90,1 91,1 93,3 
1,1 
1,1 
1,1 2,2 71,1 72,3 74,1 79,1 
1,1 
1,1 
1,1 
1,1 2,2 71,1 83,1 89,5 93,11 96,1 97,1 98,1 100,1 
1,1 
1,1 
1,1 78,2 79,1 83,2 84,1 
1,1 
1,1 93,2 
1,1 79,1 
1,1 
1,1 
1,1 93,1 
1,2 40,1 
1,1 75,2 
1,1 
1,1 
1,1 
1,1 
1,1 
1,1 
1,2 73,1 74,2 75,1 78,1 82,1 83,3 84,1 85,1 86,2 89,1 90,2 91,5 93,5 95,1 99,1 
1,1 71,3 72,2 79,1 84,1 86,2 89,1 93,2 96,3 97,3 98,3 100,3 
1,1 83,1 90,1 
1,1 
1,3 70,1 71,1 72,3 73,5 74,1 75,2 78,3 79,2 80,1 82,1 83,2 84,1 85,3 86,2 87,2 89,8 90,1 91,4 93,7 95,1 99,1 
1,1 75,1 83,4 
1,1 79,1 
1,1 71,1 96,1 97,1 98,1 100,1 
1,1 
1,1 
1,1 
1,1 
1,2 40,1 
1,1 71,4 84,1 85,2 90,3 93,2 96,4 97,4 98,4 100,4 
1,2 91,3 
1,1 
1,1 81,1 
1,1 
1,1 40,1 
1,1 40,1 
1,3 40,2 
1,1 40,1 
1,1 40,1 
1,1 40,1 
1,1 40,1 
1,1 40,1 90,1 
1,1 40,1 
1,1 40,1 
1,1 40,1 76,1 
1,1 40,1 
1,1 40,1 
1,1 40,1 
1,1 40,1 
1,1 40,1 93,4 
1,1 40,1 73,1 74,1 83,1 84,1 89,1 
1,1 40,1 
1,1 40,1 
1,1 40,1 76,1 
1,1 40,1 72,2 78,2 79,6 84,4 93,1 
1,1 40,1 
1,1 40,1 93,1 
1,1 40,1 
1,1 40,1 
1,1 40,1 72,9 74,1 78,1 79,2 89,3 90,1 91,1 93,4 
1,1 40,1 
1,1 40,1 
1,1 40,1 94,1 
1,1 40,1 
1,1 40,1 75,1 93,1 
1,1 40,1 
1,1 40,1 
1,1 40,1 77,1 
1,1 2,1 6,1 40,1 60,1 70,1 71,8 72,3 74,3 81,2 83,1 85,2 86,1 89,7 93,15 96,11 97,8 98,8 100,8 
1,1 40,1 90,1 
1,1 40,1 
1,1 40,1 91,2 
1,1 40,1 
1,1 40,1 
1,1 40,1 
1,1 40,1 
1,1 40,1 
1,1 40,1 
1,1 40,1 89,1 
1,1 40,1 
1,2 40,2 75,1 79,1 
1,1 40,1 
1,1 40,1 
1,1 40,1 
1,1 40,1 76,1 87,1 
1,1 40,1 76,1 87,1 
1,3 40,1 70,1 71,1 72,1 73,2 84,1 86,1 89,1 90,4 91,1 93,4 
1,2 40,1 70,1 71,3 72,1 73,1 85,1 86,1 89,1 93,2 96,2 97,2 98,2 100,2 
1,6 2,6 40,1 70,2 71,70 72,1 73,4 74,6 75,4 78,3 79,5 83,3 84,4 85,2 86,3 89,5 90,6 91,6 93,46 95,11 96,66 97,66 98,66 99,11 100,66 
1,6 71,1 77,5 81,1 83,1 84,1 85,2 87,6 90,1 95,1 
1,3 71,2 76,3 77,1 81,2 82,4 83,1 84,1 87,1 88,1 92,2 94,1 96,2 97,2 98,2 100,2 
1,1 
1,1 
1,1 79,1 
1,3 71,1 72,1 73,3 76,1 77,1 79,2 80,1 81,3 83,1 84,1 85,6 87,1 88,1 90,1 91,2 92,2 93,2 94,6 95,1 99,1 
1,1 82,1 88,2 
1,2 76,1 
1,1 
1,1 
1,1 79,1 
1,1 
1,1 
1,1 
1,1 
1,2 74,2 76,2 79,1 93,2 
1,1 
1,1 
1,1 
1,1 
1,1 
1,2 71,1 76,1 96,1 97,1 98,1 100,1 
1,1 
1,1 
1,2 
1,1 
1,1 
1,2 
1,1 
1,1 
1,1 93,1 
1,2 86,1 89,4 93,1 
1,1 
1,1 
1,1 75,2 89,2 90,4 
1,1 76,1 79,1 90,1 93,1 
1,1 84,2 90,2 
1,1 89,1 90,2 93,2 
1,1 
1,1 
1,1 
1,1 71,1 86,1 96,1 97,1 98,1 100,1 
1,1 89,1 
1,1 84,1 
1,1 90,1 
1,1 91,1 
1,1 82,1 87,1 88,1 
1,1 76,1 
1,1 72,1 79,1 89,6 
1,1 90,1 
1,1 71,2 96,2 97,2 98,2 100,2 
1,1 87,1 88,1 
1,1 87,1 88,1 
1,2 70,1 71,5 74,1 75,1 78,1 83,1 84,1 85,1 89,3 90,1 91,1 93,3 95,1 96,4 97,4 98,4 99,1 100,4 
1,1 
1,1 
1,2 
1,1 
1,1 
1,1 93,1 
1,2 70,1 72,1 78,1 86,1 89,1 93,1 
1,1 
1,1 
1,1 
1,1 
1,1 79,1 83,1 84,1 
1,2 70,2 71,4 73,1 74,1 75,1 76,2 78,2 79,1 83,1 84,1 85,1 90,1 91,1 93,1 95,1 96,2 97,2 98,2 99,1 100,2 
1,1 75,2 
1,1 
1,1 74,1 79,1 
1,2 90,1 
1,1 71,2 76,2 77,2 80,2 81,1 82,1 85,1 87,1 92,1 96,2 97,2 98,2 100,2 
1,1 80,1 82,2 92,2 
1,3 2,1 70,1 71,2 79,1 83,2 84,4 85,3 86,3 87,1 90,1 91,2 93,1 96,2 97,2 98,2 100,2 
1,1 78,1 93,1 
1,1 76,1 84,1 92,1 
1,1 
1,1 
1,5 70,4 71,4 73,4 74,4 75,4 78,4 79,4 83,3 84,4 85,4 86,1 89,1 90,5 91,6 93,2 94,1 95,2 99,2 
1,2 
1,2 
1,1 
1,1 
1,1 
1,1 84,2 93,4 95,1 
1,1 
1,1 
1,1 
1,1 
1,1 
1,1 70,1 79,1 
1,1 93,1 
1,1 
1,1 93,1 
1,1 93,4 
1,1 76,1 
1,2 71,1 78,1 89,2 96,1 97,1 98,1 100,1 
1,1 
1,1 
1,1 
1,1 
1,1 
1,1 
1,1 91,1 
1,1 
1,1 
1,1 
1,1 
1,3 74,2 
1,3 70,1 71,4 72,7 73,3 74,1 75,1 78,5 79,1 83,3 84,3 85,2 86,1 89,2 90,3 91,6 93,2 95,1 96,3 97,3 98,3 99,1 100,3 
1,1 78,1 
1,4 70,1 71,2 72,2 73,1 74,3 75,1 76,3 78,3 79,3 83,5 84,5 85,6 86,3 89,3 90,2 91,12 93,2 95,1 99,1 
1,1 71,2 72,1 79,1 86,1 89,15 91,10 93,1 96,1 97,1 98,1 100,1 
1,2 72,2 85,1 91,1 93,3 
1,1 72,1 74,1 86,3 93,2 
1,2 89,2 
1,3 79,1 89,1 91,1 
1,2 70,2 71,2 72,2 73,4 74,3 75,1 78,4 79,7 83,2 84,2 85,4 89,7 90,3 91,8 93,1 95,1 99,1 
1,2 73,2 84,1 91,2 
1,1 72,1 73,1 75,2 79,1 85,1 86,2 89,3 93,2 
1,2 70,1 71,1 72,1 73,1 75,2 78,1 79,1 85,1 86,2 89,3 90,1 91,1 93,2 
1,1 82,1 93,8 
1,1 77,1 82,1 
1,1 82,1 
1,3 2,1 70,1 71,1 73,3 74,1 75,3 78,2 79,6 82,1 83,7 84,4 85,1 90,1 91,1 93,4 95,3 99,2 
1,1 2,1 71,3 73,1 74,1 84,1 85,1 93,18 96,3 97,3 98,3 100,3 
1,1 89,1 
1,1 
1,1 70,1 78,1 
1,1 
1,1 70,1 71,9 78,2 86,4 90,2 93,4 96,9 97,9 98,9 100,9 
1,2 70,2 71,1 72,2 73,2 74,1 75,1 78,1 83,1 84,1 85,1 86,1 89,1 90,3 91,1 93,1 95,5 99,3 
1,1 74,1 93,5 
1,1 85,1 93,1 
1,1 70,2 72,1 85,1 86,1 89,1 93,1 
1,1 71,1 72,1 73,6 89,2 93,7 96,1 97,1 98,1 100,1 
1,1 
1,3 70,2 71,1 73,1 74,1 75,1 76,1 78,3 79,2 80,1 83,2 84,1 87,1 88,1 89,3 90,2 91,2 92,1 96,1 
1,1 74,1 84,2 
1,1 74,1 84,2 
1,1 71,5 93,1 96,4 97,4 98,4 100,4 
1,1 2,2 71,21 72,1 73,1 74,2 79,2 83,3 86,2 89,4 90,1 91,1 93,23 96,21 97,21 98,21 100,20 
1,1 71,1 72,1 73,1 85,1 93,1 96,1 97,1 98,1 100,1 
1,1 70,1 73,1 
1,3 70,2 71,5 72,2 73,1 74,2 75,4 78,3 79,1 83,2 84,3 85,3 86,2 89,6 90,2 91,2 93,6 95,2 99,2 
1,1 78,1 79,1 83,1 84,1 85,1 91,1 
1,2 70,1 78,3 79,2 90,2 91,2 
1,4 70,3 71,2 73,1 74,3 75,1 76,3 77,3 78,4 79,3 80,2 81,3 83,4 84,3 85,4 87,2 88,1 90,2 91,4 92,1 94,1 95,3 96,1 99,2 
1,2 70,1 71,1 73,1 74,1 78,1 79,1 83,1 84,1 90,1 91,1 
1,2 70,1 71,2 78,1 79,1 89,13 90,1 91,1 93,1 96,1 97,1 98,1 100,1 
1,2 2,3 70,1 71,23 72,14 73,1 74,4 75,2 76,2 77,2 78,3 79,3 80,2 81,1 83,3 84,2 85,4 86,4 87,1 88,1 89,19 90,2 91,3 92,2 93,22 94,1 95,5 96,21 97,21 98,20 99,31 100,22 
1,1 71,3 74,1 75,1 78,1 79,1 83,1 84,1 85,2 89,1 91,3 96,2 97,2 98,2 100,2 
1,1 73,1 74,1 78,1 79,1 83,1 84,1 85,2 89,1 91,1 
1,1 73,19 75,1 77,1 78,4 79,1 85,1 87,2 91,3 95,1 
1,1 73,3 79,1 83,3 85,2 86,3 89,3 93,4 98,1 
1,1 73,1 75,1 78,2 79,1 84,1 85,2 86,1 89,1 90,1 91,1 93,2 
1,1 74,1 75,1 76,1 77,1 79,1 80,1 81,1 83,1 84,1 85,1 87,1 90,1 91,2 92,1 94,1 
1,1 74,2 75,1 78,1 79,1 83,1 84,1 85,2 91,1 
1,1 74,1 75,1 78,9 79,1 83,1 84,1 85,1 90,1 91,2 92,1 
1,1 74,1 75,1 78,1 79,1 83,1 84,1 85,1 91,1 
1,1 73,1 74,1 75,1 76,1 77,1 79,1 83,1 84,1 85,1 87,1 89,1 91,1 
1,1 74,1 75,1 76,1 77,1 78,2 79,1 81,1 83,1 84,1 85,15 87,1 90,2 91,1 94,2 95,3 98,1 99,3 
1,1 72,1 74,1 75,1 78,1 79,2 83,1 84,1 85,2 89,4 90,1 91,3 
1,1 71,2 74,1 75,1 76,1 79,1 83,1 84,1 85,2 91,1 93,2 96,2 97,2 98,2 100,2 
1,1 74,1 75,1 78,2 79,1 83,1 84,1 85,1 90,1 91,2 92,1 
1,2 74,1 79,2 83,2 84,1 90,1 91,4 
1,1 74,1 75,1 77,1 78,2 79,1 83,1 84,19 85,2 87,1 90,1 91,2 92,1 
1,1 71,26 72,1 74,3 78,2 79,2 83,2 85,1 86,1 90,2 91,3 93,39 96,26 97,26 98,26 100,26 
1,1 74,1 75,1 78,1 79,1 83,2 84,2 85,1 91,1 
1,1 74,1 75,1 78,2 79,1 83,1 84,1 85,4 90,6 91,2 92,1 95,3 99,2 
1,1 74,1 79,1 83,1 84,1 85,1 90,2 91,1 
1,1 74,13 75,1 77,1 78,1 79,1 81,1 83,1 84,1 85,1 87,1 90,1 91,2 
1,1 74,2 75,1 76,1 78,1 79,1 83,1 84,1 85,1 91,1 
1,1 74,6 75,1 78,1 79,1 83,1 84,1 85,1 91,1 
1,1 74,1 75,1 77,1 78,2 79,1 81,1 83,1 84,1 85,1 87,1 90,1 91,20 
1,1 2,1 72,6 73,3 74,1 75,1 78,1 79,5 83,2 84,2 85,2 86,1 89,4 91,15 93,1 
1,1 2,10 71,1 74,1 76,1 81,1 85,1 86,28 89,5 93,28 
1,1 74,1 75,8 76,1 77,1 78,2 79,1 81,1 83,1 84,1 85,1 87,1 90,1 91,2 92,1 95,2 99,2 
1,1 74,1 75,11 78,1 79,2 83,1 84,1 85,1 90,2 91,1 
1,1 2,1 74,1 75,2 78,1 79,1 83,1 84,2 85,1 91,4 
1,1 74,1 75,1 78,2 79,2 81,1 83,15 84,1 85,1 87,1 90,1 91,2 92,1 
1,1 74,1 75,1 78,1 79,2 83,5 84,1 85,1 91,1 
1,1 74,1 75,1 78,1 79,2 83,2 84,1 85,1 91,1 
1,1 71,3 73,1 84,1 89,1 96,3 97,3 98,3 100,3 
1,2 76,1 87,1 
1,1 2,1 71,3 74,1 83,2 84,2 85,1 86,1 89,3 93,14 96,3 97,3 98,3 100,3 
1,1 73,1 74,3 84,1 90,4 93,6 
1,2 2,3 70,2 71,12 72,2 73,5 74,2 75,1 78,1 79,5 83,2 84,4 86,16 89,19 90,7 91,4 92,13 93,38 95,3 96,10 97,10 98,10 99,2 100,10 
1,2 2,1 40,1 70,1 71,5 73,9 74,1 75,1 78,1 79,1 83,1 84,2 85,2 89,2 90,1 91,2 93,2 95,2 96,4 97,4 98,4 99,2 100,4 
1,1 72,1 
1,1 77,1 79,1 82,1 83,1 
1,2 2,1 70,1 71,1 73,1 74,1 75,2 76,1 77,2 78,1 79,2 80,1 81,2 82,2 83,2 84,1 85,1 87,1 88,1 90,1 91,1 92,2 94,1 95,3 96,1 97,1 98,1 99,1 100,1 
1,2 70,1 71,1 73,1 74,1 75,2 76,1 77,2 78,1 79,2 80,1 81,2 82,2 83,2 84,1 85,1 87,1 88,1 90,1 91,1 92,1 94,1 95,3 96,1 97,1 98,1 99,1 100,1 
1,2 2,1 70,1 71,1 73,1 74,1 75,2 76,1 77,2 78,1 79,2 80,1 81,2 82,2 83,2 84,1 85,1 87,1 88,1 90,1 91,1 92,2 94,1 95,3 96,1 97,1 98,1 99,1 100,1 
1,2 2,1 70,1 71,1 73,1 74,1 75,2 76,1 77,2 78,1 79,2 80,1 81,1 82,2 83,2 84,1 85,1 87,1 88,1 90,1 91,1 92,1 94,1 95,3 97,1 98,1 99,1 100,1 
1,2 2,1 70,1 73,1 74,1 75,2 76,1 77,2 78,1 79,2 80,1 81,2 82,2 83,2 84,1 85,1 87,1 88,1 90,1 92,1 94,1 95,3 99,1 
1,2 2,1 70,1 73,1 74,1 75,2 76,1 77,2 78,1 79,2 80,1 81,2 82,2 83,2 84,1 85,1 87,1 88,1 90,1 92,1 94,1 95,3 
1,2 2,1 73,1 74,1 75,2 76,1 77,2 78,1 79,2 80,1 81,3 82,2 83,2 84,1 85,1 87,1 88,1 90,1 91,1 92,1 94,1 95,3 
1,1 
1,2 2,1 70,1 71,1 73,1 74,1 76,1 77,2 78,1 79,2 80,1 81,1 82,2 83,2 84,1 85,1 87,1 88,1 90,1 92,1 94,1 95,2 96,1 97,1 98,1 99,1 100,1 
1,4 2,1 70,2 73,1 76,1 77,3 78,1 79,3 80,2 81,3 82,4 83,3 84,1 85,2 87,4 88,1 90,1 92,1 94,2 95,3 
1,2 70,1 73,1 76,2 77,2 78,1 79,2 80,2 81,4 82,2 83,2 84,2 85,1 87,2 88,1 90,1 92,1 94,1 95,2 
1,2 2,2 70,1 71,1 73,2 74,1 75,2 76,2 77,2 78,1 79,2 80,1 81,2 82,2 83,2 84,1 85,1 87,1 88,1 90,1 91,1 92,1 94,1 95,3 96,1 97,1 98,1 99,1 100,1 
1,2 70,1 71,1 73,1 74,1 75,2 76,1 77,2 78,1 79,2 80,1 81,2 82,2 83,2 84,1 85,1 90,1 92,1 94,1 95,3 96,1 97,1 98,1 99,1 100,1 
1,2 70,1 71,1 73,1 74,1 75,2 76,1 77,2 78,1 79,2 80,1 81,2 82,2 83,2 84,1 85,1 90,1 92,1 94,1 95,3 96,1 97,1 98,1 99,1 100,1 
1,1 82,1 
1,4 70,3 71,1 73,2 74,2 77,74 78,2 79,4 80,3 81,2 82,4 83,3 84,1 85,3 88,1 90,1 92,1 94,3 95,4 96,1 97,1 98,1 99,1 100,1 
1,2 2,1 70,1 71,1 73,1 74,1 77,2 78,1 79,2 80,1 81,1 82,2 83,2 84,1 85,1 88,1 90,1 92,1 94,1 95,2 96,1 97,1 98,1 99,1 100,1 
1,2 2,1 70,1 73,1 74,1 77,1 78,1 79,2 80,1 81,1 82,2 83,1 85,1 94,1 95,1 
1,2 70,1 71,1 73,1 74,1 77,1 78,1 79,2 80,1 81,1 82,2 83,1 84,1 85,1 88,1 90,1 91,1 92,1 94,1 95,2 96,1 97,1 98,1 99,1 100,1 
1,2 70,1 71,1 74,1 77,2 78,1 79,1 80,1 81,2 82,2 83,1 84,1 85,1 88,1 90,1 92,1 94,1 95,2 96,1 97,1 98,1 99,1 100,1 
1,2 2,1 70,1 73,1 74,1 77,2 78,1 79,2 80,1 81,1 82,2 83,2 84,1 85,1 88,1 90,1 92,1 94,1 95,2 
1,2 70,1 73,1 74,1 75,2 76,1 77,2 78,1 79,2 80,1 81,1 82,2 83,2 84,1 85,1 87,1 88,1 90,1 92,1 94,1 95,3 
1,2 70,1 71,1 73,1 74,1 76,1 77,2 78,1 79,2 80,1 81,3 82,2 83,2 84,1 85,1 87,1 88,1 90,1 91,1 92,1 94,1 95,2 96,1 97,1 98,1 99,1 100,1 
1,2 2,1 70,1 73,1 74,1 77,2 78,1 79,2 80,1 81,2 82,2 83,2 84,1 85,1 87,1 88,1 90,1 92,1 94,1 95,2 
1,1 76,1 
1,2 2,1 70,1 73,1 74,1 77,2 78,1 79,2 80,1 81,3 82,2 83,2 84,1 85,1 87,3 88,1 90,1 92,1 94,1 95,2 
1,2 70,1 74,1 77,2 78,1 79,1 80,1 81,1 82,2 83,2 84,1 85,1 88,1 90,1 92,2 94,1 95,2 
1,2 70,1 71,1 72,1 74,1 77,2 79,16 80,2 81,2 82,2 83,2 85,1 89,1 94,1 95,1 96,1 97,1 98,1 99,1 100,1 
1,2 2,1 70,1 73,1 74,1 76,1 77,3 78,1 79,2 80,2 81,1 82,2 83,3 84,2 85,1 88,1 90,1 92,1 94,1 95,2 
1,2 74,1 76,1 77,2 78,1 79,1 80,1 81,1 82,2 83,2 84,1 94,1 95,1 
1,2 71,1 73,1 74,1 76,1 77,2 78,1 79,1 80,1 81,1 82,1 83,2 84,1 85,1 90,1 94,1 95,2 96,1 97,1 98,1 99,1 100,1 
1,2 2,1 70,1 74,1 77,2 78,1 79,1 80,1 81,1 82,2 83,2 84,1 85,1 88,1 90,1 94,1 95,2 
1,2 77,1 80,1 81,1 83,1 85,1 92,2 94,1 95,1 
1,2 77,2 78,1 79,1 80,1 81,1 82,2 83,2 84,1 85,1 88,1 90,1 92,2 94,1 95,2 
1,2 70,1 76,1 77,3 79,1 80,2 81,3 82,2 83,2 84,1 85,1 87,2 94,1 95,1 
1,4 70,2 73,2 74,2 77,4 78,2 79,4 80,1 81,2 82,4 83,2 84,2 85,2 88,2 90,2 91,1 92,1 94,2 95,4 
1,2 71,1 77,1 79,1 80,1 81,1 82,1 83,1 85,1 95,1 96,1 97,1 98,1 99,1 100,1 
1,1 93,1 
1,1 70,1 71,1 73,1 74,1 75,1 78,1 79,1 83,1 84,1 85,1 86,1 89,1 90,1 91,1 93,1 95,1 99,1 
1,1 
1,1 70,1 71,1 72,1 73,1 74,1 77,1 78,1 79,1 80,1 83,1 84,1 85,1 86,1 89,1 90,1 91,1 93,1 95,1 96,1 99,1 
1,2 70,2 71,2 72,2 73,2 74,2 75,3 78,2 79,2 83,3 84,2 85,2 86,1 89,1 90,2 91,2 93,6 95,2 99,2 
1,2 2,3 70,2 71,7 73,2 74,2 75,2 77,1 78,2 79,1 81,1 83,1 84,1 85,3 86,2 89,5 90,2 91,5 93,10 94,1 95,2 96,5 97,5 98,5 99,2 100,5 
1,1 70,1 71,1 73,1 74,1 75,1 77,1 78,1 79,1 81,1 83,1 84,1 85,1 86,1 89,1 90,1 91,1 93,2 94,1 95,1 99,1 
1,1 40,1 70,1 71,1 73,1 74,1 75,1 77,1 78,1 79,1 81,1 83,1 84,2 85,1 86,1 89,1 90,1 91,1 93,1 94,1 95,1 99,1 
1,1 70,1 71,1 73,1 74,1 75,1 78,1 79,1 83,1 84,1 85,3 90,2 91,1 95,3 96,1 99,3 
1,1 70,1 71,1 79,4 
1,1 70,1 71,1 73,1 74,1 75,1 76,1 78,1 79,1 83,1 84,1 85,1 87,1 90,1 91,1 95,1 99,1 
1,1 40,1 70,1 71,1 72,5 73,1 74,1 75,1 78,2 79,2 83,2 84,1 85,3 86,2 90,2 91,1 93,1 95,1 99,1 
1,1 70,1 71,1 72,2 73,2 74,2 75,2 78,1 79,1 83,1 84,3 85,2 86,2 89,1 90,1 91,1 92,1 93,1 95,3 
1,1 70,1 71,4 73,1 74,1 75,1 78,1 79,1 83,1 84,1 85,2 90,1 91,1 93,1 95,1 96,3 97,3 98,3 99,1 100,3 
1,1 40,1 70,1 71,1 74,1 75,1 78,1 83,2 84,1 85,2 90,3 91,1 95,1 99,1 
1,1 70,3 71,2 72,3 74,1 75,1 78,4 83,1 84,1 85,1 86,1 89,1 90,3 91,1 93,1 95,1 99,1 
1,1 70,1 71,1 72,1 
1,1 70,1 71,1 
1,2 2,3 70,2 71,3 72,1 73,2 74,2 75,2 78,2 79,6 83,2 84,2 85,4 86,3 89,2 90,2 91,2 93,17 95,2 96,1 97,1 98,1 99,2 100,1 
1,2 70,5 71,3 72,2 76,1 78,1 83,1 84,1 85,1 86,2 89,2 93,2 96,1 97,1 98,1 100,1 
1,2 2,3 70,4 71,4 73,3 74,2 75,3 78,2 79,2 83,2 84,4 85,3 86,2 89,2 90,3 91,3 93,6 94,1 95,17 96,2 99,14 
1,1 70,1 71,3 73,1 74,1 75,1 78,1 79,1 83,1 84,1 85,1 86,2 89,2 90,2 91,2 93,4 95,1 96,2 97,2 98,2 99,1 100,2 
1,1 40,1 70,1 71,1 74,3 75,1 78,1 83,1 84,1 93,1 
1,1 70,1 71,3 74,1 75,1 78,1 83,1 84,1 85,1 
1,1 70,1 71,3 73,1 74,1 75,1 78,1 79,1 83,1 84,1 85,1 86,5 89,2 90,1 91,1 93,2 95,1 96,2 97,2 98,2 99,1 100,2 
1,1 6,1 60,1 70,1 71,1 73,1 74,1 75,1 76,1 78,1 79,1 83,1 84,1 85,1 86,1 87,1 89,1 90,1 91,1 92,1 93,1 95,1 99,1 
1,1 70,5 71,5 73,1 74,3 75,2 78,2 79,3 83,3 84,2 85,2 86,3 89,11 90,1 91,2 93,12 95,1 96,3 97,3 98,3 99,1 100,3 
1,1 70,1 71,2 72,2 75,1 77,1 79,1 82,1 85,7 89,2 90,1 93,5 94,1 95,2 96,1 97,1 98,1 99,1 100,1 
1,1 70,1 71,1 75,1 79,1 82,1 85,9 90,2 94,1 95,12 99,12 
1,1 2,1 73,1 74,1 75,1 78,1 79,1 84,1 90,1 95,1 99,1 
1,1 70,1 71,1 73,1 75,1 78,1 79,1 91,1 
1,1 70,1 71,2 73,1 75,1 78,7 79,2 83,1 89,1 90,2 91,1 96,1 97,1 98,1 100,1 
1,1 70,1 71,1 73,3 75,1 78,1 79,1 90,1 91,1 
1,1 70,1 71,1 73,1 75,1 76,1 77,1 78,1 79,1 80,1 81,1 82,1 87,1 88,1 90,1 91,1 94,1 96,1 100,1 
1,1 70,1 71,1 73,1 74,1 75,1 78,1 83,1 84,1 85,1 90,1 91,1 95,1 99,1 
1,1 2,2 70,1 71,3 72,2 73,2 74,1 75,1 78,1 83,1 84,1 85,1 86,6 89,1 90,1 91,2 93,110 95,1 96,4 97,2 98,2 99,1 100,2 
1,1 2,1 70,1 71,4 73,1 74,1 78,1 83,1 84,1 85,1 86,1 89,1 90,1 91,2 93,6 95,1 96,3 97,3 98,3 99,1 100,3 
1,1 71,2 76,2 77,1 78,1 87,2 94,1 95,1 96,2 97,2 98,2 100,2 
1,1 
1,1 70,1 71,3 73,1 74,1 75,2 76,2 78,1 79,1 80,1 83,1 84,1 86,1 90,8 91,1 93,2 99,4 
1,1 2,3 70,1 71,22 72,20 73,1 74,1 75,1 76,1 77,1 78,1 79,2 80,1 81,1 83,2 84,2 85,2 86,5 87,1 88,1 89,15 90,1 91,1 92,1 93,23 94,1 95,2 96,22 97,20 98,20 99,25 100,21 
1,1 2,1 70,1 71,4 73,1 74,1 75,1 78,1 79,2 80,1 83,2 84,1 85,1 88,1 90,1 91,1 92,1 93,4 94,1 95,1 96,1 97,1 98,2 99,18 100,1 
1,1 70,1 71,1 73,1 85,1 95,1 99,1 
1,2 2,5 70,2 71,36 72,3 73,2 74,2 75,2 76,1 78,2 79,3 83,3 84,2 85,3 86,4 89,3 90,2 91,2 93,6 95,2 96,33 97,33 98,33 99,3 100,33 
1,1 2,6 70,2 71,24 73,1 74,1 75,1 78,1 79,3 83,2 84,1 85,1 86,16 87,2 89,1 90,2 91,1 93,43 95,1 96,21 97,21 98,21 99,1 100,21 
1,1 2,2 70,1 71,5 74,1 75,1 78,1 79,2 83,1 84,1 85,1 86,12 89,1 90,1 91,1 93,25 95,1 96,4 97,4 98,4 99,1 100,4 
1,2 2,1 40,1 70,2 71,3 72,1 73,1 74,2 75,2 78,2 79,1 83,2 84,2 85,2 86,1 89,1 90,2 91,2 93,1 95,2 96,1 99,2 
1,1 70,1 71,1 72,1 83,1 84,1 86,1 89,1 93,1 
1,1 70,1 71,5 86,1 93,4 96,4 97,4 98,4 100,4 
1,1 2,3 40,1 70,2 71,5 73,1 74,1 75,1 78,1 79,1 83,1 84,1 85,1 90,1 91,1 93,9 95,1 96,4 97,4 98,3 99,1 100,4 
1,1 40,1 70,1 71,1 73,1 74,2 75,1 78,1 79,1 81,1 83,1 84,1 90,1 91,1 94,1 96,1 98,1 
2,22 70,1 71,117 72,22 74,1 75,1 78,1 79,3 80,1 83,3 84,1 86,71 89,66 90,1 91,1 93,328 96,110 97,110 98,110 99,10 100,109 
2,3 86,3 89,1 93,1 97,1 
2,3 40,1 71,4 72,1 79,2 80,1 83,1 86,1 87,1 89,17 93,44 96,3 97,4 98,5 99,35 100,3 
2,1 71,3 80,1 83,1 89,3 93,7 96,2 99,20 
2,4 40,1 71,1 72,25 86,26 89,36 93,71 97,1 99,1 
2,1 40,1 71,2 72,1 86,2 89,2 93,8 97,1 99,3 100,1 
2,1 90,1 93,1 
2,2 71,4 83,1 86,1 89,2 93,25 96,3 97,3 98,3 100,3 
2,1 93,1 
2,2 76,1 
2,4 71,4 72,1 86,5 89,6 93,13 96,4 97,4 98,4 100,4 
2,1 
2,1 
2,1 89,1 90,1 93,4 
2,1 71,7 74,1 89,1 93,15 96,5 97,5 98,5 99,1 100,5 
2,2 70,1 72,1 83,1 86,4 89,5 93,2 
2,1 71,12 79,2 86,1 89,3 90,2 93,18 96,12 97,12 98,12 100,12 
2,1 71,1 93,1 96,1 97,1 98,1 100,1 
2,3 71,7 79,3 86,3 89,3 93,16 96,7 97,7 98,7 100,7 
2,3 71,11 75,2 86,3 89,1 93,10 96,11 97,11 98,11 100,11 
2,1 71,2 89,1 96,2 97,2 98,2 100,2 
2,2 71,20 74,1 86,1 89,1 93,2 96,17 97,17 98,17 100,17 
2,1 90,1 
2,1 
2,1 
2,6 71,54 74,1 76,4 79,1 84,1 86,11 89,3 93,19 96,51 97,51 98,51 100,51 
2,1 71,1 93,1 96,1 97,1 98,1 100,1 
2,1 71,1 86,1 
2,1 71,1 86,1 93,2 
2,1 
2,1 71,1 72,5 74,1 83,1 84,2 86,5 89,5 90,1 91,1 93,6 
2,1 70,1 71,10 96,8 97,8 98,8 100,8 
2,1 93,1 
2,1 71,3 93,15 96,3 97,3 98,3 100,3 
2,2 71,2 96,2 97,2 98,2 100,2 
2,1 71,36 86,5 93,61 96,36 97,36 98,36 100,36 
2,2 93,2 
2,2 71,2 72,1 96,1 97,1 98,1 100,1 
2,1 71,7 89,1 93,3 96,7 97,7 98,7 100,7 
2,3 86,1 93,9 
2,2 71,31 72,1 86,12 89,4 93,45 96,30 97,30 98,30 100,30 
2,1 86,2 
2,1 
2,1 86,1 93,2 
2,3 71,5 86,1 89,1 93,8 96,3 97,3 98,3 100,3 
2,6 71,8 72,3 86,9 89,3 93,46 96,7 97,7 98,7 100,7 
2,1 71,3 78,1 86,3 96,3 97,3 98,3 100,3 
2,1 71,9 75,1 78,3 89,3 93,17 96,9 97,9 98,9 100,9 
2,4 71,3 86,8 93,12 96,3 97,3 98,3 100,3 
2,1 71,7 86,1 89,1 93,26 96,7 97,7 98,7 100,7 
2,1 71,4 78,1 89,1 93,7 96,3 97,3 98,3 100,3 
2,1 71,4 72,2 73,1 78,1 84,1 85,1 89,1 96,1 97,1 98,1 100,1 
2,1 71,1 84,2 90,1 93,1 
2,1 71,2 89,1 93,5 96,1 97,1 98,1 100,1 
2,6 71,105 72,11 74,1 79,2 84,5 86,11 89,21 90,6 91,1 93,55 96,96 97,96 98,96 100,96 
2,1 71,19 79,3 83,1 89,3 93,19 96,19 97,19 98,19 100,19 
2,1 79,1 
2,1 
2,2 72,1 86,1 89,1 93,1 
2,2 72,1 89,1 93,7 
2,1 83,1 
2,1 71,2 89,3 91,1 93,1 
2,1 
2,2 71,16 73,1 74,1 90,1 93,16 96,16 97,16 98,16 100,16 
2,1 71,1 93,10 96,1 97,1 98,1 100,1 
2,1 70,1 71,3 73,2 75,1 83,1 84,1 85,2 86,1 90,1 93,9 96,3 97,3 98,3 99,1 100,3 
2,2 71,4 74,1 75,1 78,1 79,1 83,1 84,1 86,6 89,1 90,1 91,1 93,2 96,4 97,4 98,4 100,4 
2,2 71,9 86,2 89,1 93,11 96,9 97,9 98,8 100,9 
2,2 71,2 86,1 93,13 96,2 97,2 98,2 100,2 
2,1 86,2 
2,2 71,4 86,1 93,14 96,4 97,4 98,4 100,4 
2,6 71,8 86,2 89,6 91,1 93,31 96,8 97,8 98,7 100,8 
2,1 71,2 86,3 93,1 96,2 97,2 98,2 100,2 
2,1 71,5 76,1 86,3 93,6 96,5 97,5 98,5 100,5 
2,2 71,14 72,10 74,1 84,1 86,9 89,11 93,37 95,1 96,12 97,12 98,12 100,12 
2,1 71,2 72,8 74,1 84,1 86,8 89,9 93,7 96,1 97,1 98,1 100,1 
2,3 71,20 89,2 93,5 96,20 97,20 98,20 100,20 
2,3 71,9 86,4 89,3 91,1 93,15 96,9 97,9 98,9 100,9 
2,1 71,8 86,3 93,11 96,8 97,8 98,8 100,8 
2,1 78,1 86,1 89,1 93,2 
2,2 71,4 72,1 86,12 89,8 93,25 96,2 97,2 98,2 100,2 
2,1 71,2 89,2 93,3 96,2 97,2 98,2 100,2 
2,3 71,2 89,2 93,6 96,2 97,2 98,2 100,2 
2,1 71,1 72,1 83,1 86,2 89,2 93,4 96,1 97,1 98,1 100,1 
2,3 71,44 72,2 79,1 84,1 86,26 89,5 90,1 93,84 96,39 97,39 98,38 100,39 
2,1 71,1 93,13 
2,2 89,23 
2,2 89,7 
2,4 71,30 72,2 79,1 86,7 89,11 90,1 93,45 96,15 97,14 98,14 100,14 
2,1 71,3 74,1 79,1 89,7 93,6 96,3 97,3 98,3 100,3 
2,1 71,5 75,1 83,1 84,2 85,1 86,6 89,1 93,13 96,4 97,4 98,4 100,4 
2,1 40,1 71,5 89,3 96,5 97,5 98,5 100,5 
2,1 40,1 71,9 72,1 86,1 89,6 93,8 96,9 97,9 98,9 100,9 
2,1 89,2 
2,1 89,2 
2,2 89,21 
2,9 93,2 
2,1 71,2 93,19 96,2 97,2 98,2 100,2 
2,1 71,14 86,5 89,5 93,7 96,14 97,14 98,14 100,14 
2,1 71,2 86,1 93,4 96,2 97,2 98,2 100,2 
2,1 86,1 93,2 
2,1 71,1 79,1 83,1 86,3 89,4 93,15 96,1 97,1 98,1 100,1 
2,2 71,8 79,1 86,6 89,5 93,46 96,8 97,8 98,8 100,8 
2,1 72,1 74,1 81,1 86,3 89,2 93,81 
2,1 86,1 93,8 
2,1 71,3 93,7 96,3 97,3 98,3 100,3 
2,1 93,4 
2,2 71,2 96,2 97,2 98,2 100,2 
2,1 71,1 72,4 79,1 86,9 89,4 93,6 96,1 97,1 98,1 100,1 
2,1 71,3 86,1 93,20 96,2 97,2 98,2 100,2 
2,1 
2,1 78,1 90,1 93,1 
2,1 93,1 
2,1 93,1 
2,1 93,1 
2,1 87,1 
2,1 71,1 86,3 93,9 96,1 97,1 98,1 100,1 
2,1 71,5 86,1 93,8 96,5 97,5 98,5 100,5 
2,1 71,2 74,1 83,1 89,1 93,1 96,2 97,2 98,2 100,2 
2,1 86,1 89,1 94,1 
2,1 71,2 96,2 97,2 98,2 100,2 
2,1 71,3 93,1 96,3 97,3 98,3 100,3 
2,1 72,2 73,1 79,1 84,1 89,6 93,11 
2,2 71,3 96,1 97,1 98,1 100,1 
2,1 71,2 96,1 97,1 98,1 100,1 
2,1 71,2 86,2 93,1 96,1 97,1 98,1 100,1 
2,1 72,1 79,1 86,6 89,2 90,2 93,7 
2,2 
2,1 
2,1 
2,1 
2,1 74,1 78,1 79,1 80,1 81,3 83,2 84,1 85,1 87,1 88,1 90,1 94,1 95,2 
6,1 60,1 73,1 78,1 79,1 83,1 89,2 90,2 
40,1 
40,1 
40,1 
40,1 71,1 72,2 86,1 91,1 93,4 95,3 96,1 97,1 98,1 99,1 100,1 
40,1 71,1 75,1 78,1 86,1 93,6 96,1 97,1 98,1 100,1 
40,1 
40,1 
40,1 72,1 85,1 86,3 89,4 90,1 93,10 
70,2 
70,1 85,2 93,1 
70,1 79,1 
70,2 74,1 78,1 85,1 89,1 90,1 
70,4 71,2 86,1 
70,1 72,2 
70,1 
70,1 
70,1 
70,1 
70,1 71,5 89,7 93,13 96,4 97,4 98,4 100,4 
70,1 
70,1 
70,1 
70,1 71,2 93,2 96,2 97,2 98,2 100,2 
70,1 72,2 78,1 90,1 93,1 
70,1 72,1 75,2 79,1 89,1 90,1 
70,1 79,1 93,1 
70,1 
70,1 89,1 
70,1 72,1 75,2 86,1 91,1 93,3 
70,1 80,1 85,1 87,1 89,1 90,1 94,1 95,1 
70,1 
70,1 89,1 
70,1 72,1 89,1 
70,1 
70,2 74,1 89,1 
70,1 
70,1 72,1 86,1 89,1 93,1 
70,1 
70,1 77,1 
70,1 
70,1 75,2 86,1 89,1 93,4 
70,1 93,3 
70,1 89,6 
70,1 72,1 78,1 85,2 93,1 
70,1 
70,1 
70,1 71,1 74,1 79,1 80,1 85,1 94,1 95,1 96,1 97,1 98,1 99,1 100,1 
70,1 80,1 85,1 94,1 95,1 
70,2 79,1 80,3 81,1 83,3 84,1 94,3 95,3 
70,1 80,1 94,1 95,1 
70,1 74,1 77,1 78,1 79,1 80,1 81,1 83,2 84,1 90,1 94,1 95,2 
70,1 79,1 80,1 81,1 83,2 94,1 95,1 
70,1 79,1 81,1 83,1 84,1 94,1 95,1 
70,1 79,1 80,1 83,1 94,1 95,1 
70,1 73,1 74,1 76,1 77,2 78,1 79,1 80,1 81,1 83,2 85,1 94,1 95,1 
70,1 77,1 80,1 85,1 94,1 95,1 
70,1 79,1 80,1 83,1 94,1 95,1 
70,1 80,1 81,2 85,1 87,1 94,1 95,1 
70,1 80,1 94,1 95,1 
70,1 73,1 74,1 77,1 78,1 79,1 80,1 81,2 83,1 85,1 94,1 95,1 
70,1 74,1 77,2 78,1 79,1 80,2 81,1 82,1 83,1 85,1 94,1 95,1 
70,1 71,1 80,1 90,1 94,1 95,2 96,1 97,1 98,1 99,1 100,1 
70,1 76,1 81,1 85,1 87,2 93,22 
70,1 95,1 
70,1 74,1 76,1 
70,1 
71,2 99,5 
71,1 
71,1 
71,4 85,1 86,1 89,3 93,5 96,2 97,2 98,2 100,2 
71,1 79,1 
71,2 74,1 78,1 83,1 85,1 89,1 91,1 96,1 97,1 98,1 100,1 
71,1 
71,1 
71,1 80,1 83,4 84,1 87,1 90,5 
71,1 
71,2 78,1 89,1 93,10 96,1 97,1 98,1 100,1 
71,1 
71,1 
71,1 
71,3 72,1 73,1 76,1 89,2 90,1 91,1 93,12 96,2 97,2 98,2 100,2 
71,1 79,1 89,3 91,1 
71,1 90,1 
71,1 
71,1 
71,1 80,11 83,2 94,1 
71,1 76,3 83,1 84,1 92,2 95,1 99,1 
71,1 80,3 83,1 94,1 95,1 
71,1 
71,1 
71,2 78,1 96,1 97,1 98,1 100,1 
71,1 
71,1 
71,3 86,6 89,2 93,5 96,2 97,2 98,2 100,2 
71,15 74,1 79,1 84,1 89,2 90,5 93,19 96,13 97,13 98,13 100,13 
71,1 79,1 86,2 89,12 93,16 
71,1 
71,2 93,1 96,1 97,1 98,1 100,1 
71,2 89,2 93,4 96,1 97,1 98,1 100,1 
71,1 86,4 93,5 
71,2 79,1 83,1 86,2 89,1 96,1 97,1 98,1 100,1 
71,1 
71,8 86,1 93,1 96,7 97,7 98,7 100,7 
71,7 89,1 93,18 96,6 97,6 98,6 100,6 
71,1 86,1 
71,1 
71,1 
71,11 72,2 78,2 79,6 84,1 86,13 89,2 90,1 93,6 96,10 97,10 98,10 100,10 
71,1 86,6 93,4 
71,1 100,1 
71,1 89,1 96,1 97,1 98,1 100,1 
71,1 96,1 97,1 98,1 100,1 
71,2 96,2 97,2 98,2 100,2 
71,1 93,1 96,1 97,1 98,1 100,1 
71,1 93,3 96,1 97,1 98,1 100,1 
71,2 93,1 96,2 97,2 98,1 100,2 
71,5 96,5 97,5 98,5 100,5 
71,2 96,2 97,2 98,2 100,2 
71,6 86,1 93,7 96,5 97,5 98,5 100,5 
71,6 96,6 97,6 98,6 100,6 
71,16 86,2 93,8 96,16 97,16 98,16 100,16 
71,2 96,2 97,2 98,2 100,2 
71,2 96,2 97,2 98,2 100,2 
71,9 93,20 96,9 97,9 98,9 100,9 
71,5 72,1 74,1 86,12 93,6 96,5 97,5 98,5 100,5 
71,1 93,1 96,1 97,1 98,1 100,1 
71,21 86,3 89,5 93,16 96,21 97,21 98,20 100,21 
71,1 86,8 89,1 96,1 97,1 98,1 100,1 
71,2 75,1 77,1 80,1 82,1 84,1 85,2 86,1 89,1 93,2 95,1 96,2 97,2 98,2 99,1 100,2 
71,1 83,5 93,7 96,1 97,1 100,1 
71,1 96,1 97,1 98,1 100,1 
71,5 72,2 73,1 83,1 84,1 86,2 89,2 90,1 93,6 96,5 97,5 98,5 100,5 
71,2 93,1 96,2 97,2 98,2 100,2 
71,8 84,4 96,8 97,8 98,8 100,8 
71,8 96,8 97,8 98,8 100,8 
71,7 96,7 97,6 98,7 100,7 
71,2 96,2 97,2 98,2 100,2 
71,7 74,1 96,7 97,7 98,7 100,7 
71,1 96,1 97,1 98,1 100,1 
71,1 96,1 97,1 98,1 100,1 
71,5 90,1 96,5 97,5 98,5 100,5 
71,4 89,2 93,5 96,4 97,4 98,4 100,4 
71,4 93,1 96,4 97,4 98,4 100,4 
71,1 96,1 97,1 98,1 100,1 
71,1 96,1 97,1 98,1 100,1 
71,2 72,1 74,2 78,3 86,1 91,10 96,2 97,2 98,2 100,2 
71,1 93,3 96,1 97,1 98,1 100,1 
71,1 96,1 97,1 98,1 100,1 
71,5 96,5 97,5 98,5 100,5 
71,3 89,1 96,3 97,3 98,3 100,3 
71,15 74,1 89,1 93,6 96,14 97,15 98,14 100,14 
71,1 96,1 97,1 98,1 100,1 
71,2 72,2 79,1 84,1 89,1 96,2 97,2 98,2 100,2 
71,1 96,1 97,1 98,1 100,1 
71,1 93,3 96,1 97,1 98,1 100,1 
71,1 96,1 97,1 98,1 100,1 
71,1 93,2 96,1 97,1 98,1 100,1 
71,2 86,1 93,5 96,2 97,2 98,2 100,2 
71,1 93,1 96,1 97,1 98,1 100,1 
71,1 93,1 96,1 97,1 98,1 100,1 
71,1 79,2 96,1 97,1 98,1 100,1 
71,1 96,1 97,1 98,1 100,1 
71,1 96,1 97,1 98,1 100,1 
71,1 89,1 93,2 96,1 97,1 98,1 100,1 
71,1 93,1 96,1 97,1 98,1 100,1 
71,1 83,1 93,1 96,1 97,1 98,1 100,1 
71,3 96,3 97,3 98,3 100,3 
71,1 74,1 79,1 93,5 96,1 97,1 98,1 100,1 
71,6 87,1 88,1 96,6 97,6 98,6 100,6 
71,2 93,7 96,2 97,2 98,2 100,2 
71,1 96,1 97,1 98,1 100,1 
71,7 72,1 86,1 93,28 96,7 97,7 98,7 100,7 
71,1 96,1 97,1 98,1 100,1 
71,1 96,1 97,1 98,1 100,1 
71,1 96,1 97,1 98,1 100,1 
71,1 96,1 97,1 98,1 100,1 
71,3 75,1 85,1 93,12 95,1 96,3 97,3 98,3 99,1 100,3 
71,10 78,1 89,1 93,1 96,10 97,10 98,10 100,10 
71,10 93,1 96,10 97,10 98,10 100,10 
71,7 86,3 89,1 93,4 96,7 97,7 98,7 100,7 
71,6 72,6 86,1 89,2 93,6 96,6 97,6 98,6 100,6 
71,5 74,1 89,2 93,6 96,5 97,5 98,5 100,5 
71,1 96,1 97,1 98,1 100,1 
71,1 96,1 97,1 98,1 100,1 
71,1 96,1 97,1 98,1 100,1 
71,1 96,1 97,1 98,1 100,1 
71,1 96,1 97,1 98,1 100,1 
71,1 96,1 97,1 98,1 100,1 
71,1 96,1 97,1 98,1 100,1 
71,1 96,1 97,1 98,1 100,1 
71,1 89,2 93,2 96,1 97,1 98,1 100,1 
71,7 93,7 96,7 97,7 98,7 100,7 
71,1 96,1 97,1 98,1 100,1 
71,1 83,1 89,1 93,1 96,1 97,1 98,1 100,1 
71,1 79,1 85,1 86,1 89,1 96,1 97,1 98,1 100,1 
71,4 90,2 93,1 96,4 97,4 98,4 100,4 
71,1 84,1 89,1 93,1 96,1 97,1 98,1 100,1 
71,1 96,1 97,1 98,1 100,1 
71,1 96,1 97,1 98,1 100,1 
71,1 93,1 96,1 97,1 98,1 100,1 
71,4 72,1 89,2 93,1 96,4 97,4 98,4 100,4 
71,1 96,1 97,1 98,1 100,1 
71,4 72,1 73,1 79,6 84,1 96,4 97,4 98,4 100,4 
71,1 91,8 96,1 97,1 98,1 100,1 
71,1 89,1 90,1 93,11 96,1 97,1 98,1 100,1 
71,1 96,1 97,1 98,1 100,1 
71,1 74,1 79,1 86,2 96,1 97,1 98,1 100,1 
71,1 96,1 97,1 98,1 100,1 
71,1 96,1 97,1 98,1 100,1 
71,1 96,1 97,1 98,1 100,1 
71,1 90,1 96,1 97,1 98,1 100,1 
71,1 96,1 97,1 98,1 100,1 
71,1 96,1 97,1 98,1 100,1 
71,1 74,1 79,2 83,13 84,1 93,1 96,1 97,1 98,1 100,1 
71,2 96,2 97,2 98,2 100,2 
71,2 96,2 97,2 98,2 100,2 
71,1 96,1 97,1 98,1 100,1 
71,1 93,1 96,1 97,1 98,1 100,1 
71,1 96,1 97,1 98,1 100,1 
71,2 79,1 90,1 96,2 97,2 98,2 100,2 
71,1 96,1 97,1 98,1 100,1 
71,1 96,1 97,1 98,1 100,1 
71,1 96,1 97,1 98,1 100,1 
71,1 72,1 89,1 96,1 97,1 98,1 100,1 
71,1 96,1 97,1 98,1 100,1 
71,1 74,1 96,1 97,1 98,1 100,1 
71,1 76,1 79,1 85,1 91,1 96,1 97,1 98,1 100,1 
71,1 90,1 96,1 97,1 98,1 100,1 
71,1 96,1 97,1 98,1 100,1 
71,1 90,1 96,1 97,1 98,1 100,1 
71,1 96,1 97,1 98,1 100,1 
71,1 93,3 96,1 97,1 98,1 100,1 
71,1 96,1 97,1 98,1 100,1 
71,1 84,1 96,1 97,1 98,1 100,1 
71,1 96,1 97,1 98,1 100,1 
71,3 86,1 89,3 90,1 96,3 97,3 98,3 100,3 
71,2 72,1 86,1 89,4 90,1 93,1 96,2 97,2 98,2 100,2 
71,1 96,1 97,1 98,1 100,1 
71,15 86,2 89,1 93,1 96,15 97,15 98,15 100,15 
71,2 96,2 97,2 98,2 100,2 
71,1 96,1 97,1 98,1 100,1 
71,1 96,1 97,1 98,1 100,1 
71,1 85,4 89,1 93,2 96,1 97,1 98,1 100,1 
71,2 79,1 90,1 96,2 97,2 98,2 100,2 
71,1 72,1 89,1 93,1 96,1 97,1 98,1 100,1 
71,1 96,1 97,1 98,1 100,1 
71,6 96,6 97,6 98,6 100,6 
71,1 96,1 97,1 98,1 100,1 
71,2 96,2 97,2 98,2 100,2 
71,1 96,1 97,1 98,1 100,1 
71,1 79,1 91,1 96,1 97,1 98,1 100,1 
71,4 75,1 77,1 82,1 85,1 86,1 87,2 89,2 93,2 96,3 97,3 98,3 100,3 
71,1 96,1 97,1 98,1 100,1 
71,1 89,1 96,1 97,1 98,1 100,1 
71,3 96,3 97,3 98,3 100,3 
71,4 90,1 93,1 96,4 97,4 98,4 100,4 
71,2 72,1 75,1 89,1 93,3 96,2 97,2 98,2 100,2 
71,2 96,2 97,2 98,2 100,2 
71,1 75,2 89,2 96,1 97,1 98,1 100,1 
71,1 96,1 97,1 98,1 100,1 
71,1 93,1 96,1 97,1 98,1 100,1 
71,2 96,2 97,2 98,2 100,2 
71,2 96,2 97,2 98,2 100,2 
71,2 72,1 89,1 95,1 96,2 97,2 98,2 100,2 
71,5 72,2 89,1 96,5 97,5 98,5 100,5 
71,1 93,2 96,1 97,1 98,1 100,1 
71,1 86,1 96,1 97,1 98,1 100,1 
71,1 72,1 85,1 86,1 89,1 93,1 96,1 97,1 98,1 100,1 
71,1 96,1 97,1 98,1 100,1 
71,1 79,1 83,2 84,1 96,1 97,1 98,1 100,1 
71,1 96,1 97,1 98,1 100,1 
71,4 93,2 96,4 97,4 98,4 100,4 
71,6 93,1 96,6 97,6 98,6 100,6 
71,5 93,13 96,5 97,5 98,5 100,5 
71,3 96,3 97,3 98,3 100,3 
71,3 89,2 93,6 96,3 97,3 98,3 100,3 
71,4 93,2 96,4 97,4 98,4 100,4 
71,1 96,1 97,1 98,1 100,1 
71,2 93,1 96,2 97,2 98,2 100,2 
71,1 96,1 97,1 98,1 100,1 
71,1 72,1 89,2 95,4 96,1 97,1 98,1 99,2 100,1 
71,1 96,1 97,1 98,1 100,1 
71,1 96,1 97,1 98,1 100,1 
71,1 96,1 97,1 98,1 100,1 
71,3 93,9 96,3 97,3 98,3 100,3 
71,1 75,1 77,1 80,1 82,1 87,1 93,2 96,1 97,1 98,1 100,1 
71,1 96,1 97,1 98,1 100,1 
71,4 86,1 93,11 96,4 97,4 98,4 100,4 
71,4 86,2 96,4 97,4 98,4 100,4 
71,4 72,1 74,1 84,1 86,1 89,2 93,2 96,4 97,4 98,4 100,4 
71,10 93,7 96,10 97,10 98,10 100,10 
71,1 86,1 93,3 96,1 97,1 98,1 100,1 
71,3 96,3 97,3 98,3 100,3 
71,2 96,2 97,2 98,2 100,2 
71,2 74,1 96,2 97,2 98,2 100,2 
71,3 72,1 89,1 93,11 96,3 97,3 98,3 100,3 
71,2 93,12 96,2 97,2 98,2 100,2 
71,3 96,3 97,3 98,3 100,3 
71,2 74,1 86,1 93,11 96,2 97,2 98,2 100,2 
71,4 77,1 94,2 96,4 97,4 98,4 100,4 
71,2 93,4 96,2 97,2 98,2 100,2 
71,8 86,2 89,5 93,7 96,8 97,8 98,8 100,8 
71,1 96,1 97,1 98,1 100,1 
71,1 96,1 97,1 98,1 100,1 
71,2 84,1 89,1 96,2 97,2 98,2 100,2 
71,1 96,1 97,1 98,1 100,1 
71,1 93,1 96,1 97,1 98,1 100,1 
71,1 89,6 93,1 96,1 97,1 98,1 100,1 
71,1 75,1 96,1 97,1 98,1 100,1 
71,1 79,1 89,1 90,1 93,5 96,1 97,1 98,1 100,1 
71,1 72,1 74,1 93,2 96,1 97,1 98,1 100,1 
71,3 96,3 97,3 98,3 100,3 
71,1 
71,1 74,1 79,1 83,6 84,1 93,1 96,1 97,1 98,1 100,1 
71,1 96,1 97,1 98,1 100,1 
71,2 93,7 96,2 97,2 98,2 100,2 
71,3 74,1 89,2 90,1 93,15 96,3 97,3 98,3 100,3 
71,3 86,1 96,3 97,3 98,3 100,3 
71,1 86,1 93,3 96,1 97,1 98,1 100,1 
71,1 96,1 97,1 98,1 100,1 
71,2 93,5 96,2 97,2 98,2 100,2 
71,3 93,5 96,3 97,3 98,3 100,3 
71,1 96,1 97,1 98,1 100,1 
71,2 93,1 96,2 97,2 98,2 100,2 
71,2 93,1 96,2 97,2 98,2 100,2 
71,2 93,1 96,2 97,2 98,2 100,2 
71,2 93,3 96,2 97,2 98,2 100,2 
71,2 74,1 93,2 96,2 97,2 98,2 100,2 
71,2 93,2 96,2 97,2 98,2 100,2 
71,1 81,1 93,1 96,1 97,1 98,1 100,1 
71,3 96,3 97,3 98,3 100,3 
71,1 96,1 97,1 98,1 100,1 
71,1 93,2 96,1 97,1 98,1 100,1 
71,2 76,2 77,1 81,1 82,2 84,1 96,2 97,2 98,2 100,2 
71,3 93,3 96,3 97,3 98,3 100,3 
71,2 89,1 96,2 97,2 98,2 100,2 
71,1 96,1 97,1 98,1 100,1 
71,1 74,1 86,3 93,2 96,1 97,1 98,1 100,1 
71,1 96,1 97,1 98,1 100,1 
71,1 96,1 97,1 98,1 100,1 
71,1 83,1 86,3 89,2 93,4 96,1 97,1 98,1 100,1 
71,1 96,1 97,1 98,1 100,1 
71,2 89,1 96,2 97,2 98,2 100,2 
71,1 96,1 97,1 98,1 100,1 
71,1 96,1 97,1 98,1 100,1 
71,1 96,1 97,1 98,1 100,1 
71,1 96,1 97,1 98,1 100,1 
71,1 93,2 96,1 97,1 98,1 100,1 
71,1 89,1 96,1 97,1 98,1 100,1 
71,1 79,1 85,1 86,2 89,1 93,11 96,1 97,1 98,1 100,1 
71,2 96,2 97,2 98,2 100,2 
71,2 78,1 96,2 97,2 98,2 100,2 
71,2 96,2 97,2 98,2 100,2 
71,2 96,2 97,2 98,2 100,2 
71,1 96,1 97,1 98,1 100,1 
71,1 96,1 97,1 98,1 100,1 
71,1 96,1 97,1 98,1 100,1 
71,5 79,1 86,3 93,4 96,5 97,5 98,4 100,5 
71,2 96,2 97,2 98,2 100,2 
71,1 86,4 89,1 93,4 96,1 97,1 98,1 100,1 
71,2 93,1 96,2 97,2 98,2 100,2 
71,2 93,2 96,2 97,2 98,2 100,2 
71,1 74,1 96,1 97,1 98,1 100,1 
71,2 96,2 97,2 98,2 100,2 
71,1 96,1 97,1 98,1 100,1 
71,1 96,1 97,1 98,1 100,1 
71,1 93,4 96,1 97,1 98,1 100,1 
71,1 78,1 84,1 96,1 97,1 100,1 
71,1 96,1 97,1 98,1 100,1 
71,1 96,1 97,1 98,1 100,1 
71,6 96,6 97,6 98,6 100,6 
71,2 96,2 97,2 98,2 100,2 
71,3 89,1 93,7 96,3 97,3 98,3 100,3 
71,1 93,1 96,1 97,1 98,1 100,1 
71,4 86,1 89,1 93,1 96,4 97,4 98,4 100,4 
71,1 96,1 97,1 98,1 100,1 
71,4 96,4 97,4 98,4 100,4 
71,2 93,5 96,2 97,2 98,2 100,2 
71,1 96,1 97,1 100,1 
71,1 91,1 96,1 97,1 98,1 100,1 
71,1 96,1 97,1 98,1 100,1 
71,1 96,1 97,1 98,1 100,1 
71,1 96,1 97,1 98,1 100,1 
71,3 83,1 91,1 93,1 96,3 97,3 98,3 100,3 
71,1 96,1 97,1 98,1 100,1 
71,1 80,1 96,1 97,1 98,1 100,1 
71,1 76,1 91,1 95,1 96,1 97,1 98,1 100,1 
71,1 96,1 97,1 98,1 100,1 
71,1 96,1 97,1 98,1 100,1 
71,1 96,1 97,1 98,1 100,1 
71,2 92,1 96,2 97,2 98,2 100,2 
71,1 96,1 97,1 98,1 100,1 
71,1 73,1 79,2 81,1 96,1 97,1 98,1 100,1 
71,1 81,1 86,1 89,1 96,1 97,1 98,1 100,1 
71,1 96,1 97,1 98,1 100,1 
71,1 89,1 93,2 96,1 97,1 98,1 100,1 
71,1 96,1 97,1 98,1 100,1 
71,1 74,1 89,1 93,1 96,1 97,1 98,1 100,1 
71,1 90,1 96,1 97,1 98,1 100,1 
71,1 83,1 89,3 93,2 96,1 97,1 98,1 100,1 
71,1 72,1 86,1 89,3 93,31 96,1 97,1 98,1 100,1 
71,2 96,2 97,2 98,2 100,2 
71,1 96,1 97,1 98,1 100,1 
71,1 79,1 96,1 97,1 98,1 100,1 
71,1 86,6 89,1 93,4 96,1 97,1 98,1 100,1 
71,1 94,1 96,1 97,1 98,1 100,1 
71,1 96,1 97,1 98,1 100,1 
71,1 91,1 96,1 97,1 98,1 100,1 
71,1 72,2 73,1 91,1 96,1 97,1 98,1 100,1 
71,1 97,1 100,1 
71,1 96,1 97,1 98,1 100,1 
71,1 
71,2 73,1 74,1 75,1 76,1 79,2 84,3 85,1 86,1 90,1 91,1 93,1 96,1 
71,1 75,1 79,1 
71,1 78,1 80,1 81,1 83,2 85,1 94,1 95,1 96,1 97,1 99,1 100,1 
71,1 
72,1 
72,1 86,1 89,1 93,1 
72,8 73,4 85,1 86,3 89,5 93,4 
72,6 79,3 86,1 89,3 90,2 93,2 
72,2 86,1 89,2 93,2 
72,1 86,1 89,1 93,1 
72,7 86,2 89,2 93,4 
72,7 86,2 89,3 93,4 
72,1 86,1 89,1 93,1 
72,1 73,2 86,1 89,1 93,1 
72,1 85,1 86,1 89,2 93,2 
72,4 86,3 89,4 93,3 
72,1 83,2 84,1 86,2 89,1 90,1 93,2 
72,1 86,9 89,6 93,15 
72,1 86,1 89,1 93,1 
72,1 86,1 89,1 91,1 93,2 
72,1 86,1 89,3 93,1 
72,3 85,1 86,2 89,3 93,2 95,1 99,1 
72,3 86,2 89,4 93,2 
72,1 86,1 89,1 93,1 
72,1 86,1 89,1 93,1 
72,1 86,1 89,1 93,1 
72,1 75,2 79,2 86,1 89,5 93,1 
72,2 79,1 84,1 86,1 89,9 91,10 93,1 
72,2 79,2 86,1 89,3 90,1 93,2 
72,1 86,1 89,1 93,1 
72,8 73,1 74,1 75,1 78,2 84,1 85,1 86,3 89,11 90,1 91,5 93,4 
72,1 86,1 89,4 93,2 
72,1 86,1 89,1 93,1 
72,1 73,1 86,1 89,1 93,2 
72,2 86,1 89,2 93,1 
72,1 85,1 86,1 89,1 93,1 
72,1 78,1 83,1 86,1 89,1 93,1 
72,3 89,2 93,4 
72,1 79,1 83,2 84,1 
72,1 
72,1 
72,1 
72,1 
72,2 91,5 
72,1 74,1 75,1 
72,1 77,1 79,1 83,1 84,1 
72,1 
72,1 75,1 79,1 90,1 94,2 
72,1 77,1 79,1 83,2 89,2 
72,1 75,2 89,1 
72,2 75,1 
72,1 75,1 79,1 
72,1 81,1 
72,1 
72,1 
72,1 
72,1 
72,1 76,1 80,5 83,1 
72,1 
72,1 75,2 89,2 91,1 
72,1 
72,1 89,4 
72,1 90,4 
72,2 85,1 89,4 90,1 91,1 93,3 
72,1 
72,2 93,1 
72,1 
72,1 
72,1 74,1 90,1 
72,1 77,1 91,1 94,3 
72,1 
72,2 
72,1 
72,1 89,1 93,2 
72,1 74,3 75,1 83,1 90,5 91,1 93,1 
72,1 
72,1 
72,1 
72,1 
72,2 89,3 
72,1 
72,1 
72,1 89,2 
72,1 87,1 91,1 
72,1 
72,1 79,2 
72,1 
72,2 73,1 74,1 90,1 91,2 
72,1 73,1 86,2 93,1 95,4 99,3 
72,1 75,2 
72,1 85,1 
72,6 
72,3 86,1 89,1 93,6 
72,3 89,1 
72,1 79,1 80,1 81,2 83,1 94,1 
72,1 82,1 94,1 
72,1 90,1 93,1 
72,1 91,1 
72,1 89,5 91,3 
72,2 
72,2 93,2 
72,1 
72,1 
72,1 73,1 
72,1 89,1 92,1 99,2 
72,1 
72,1 89,1 93,2 
72,1 93,3 
72,1 84,1 89,1 93,1 
72,1 84,1 86,2 89,1 90,1 
72,1 
72,1 84,1 
72,1 
72,1 74,1 77,1 80,1 94,3 
72,1 87,2 91,1 
72,1 74,1 90,1 93,2 
72,1 91,1 
72,1 90,1 93,1 
72,4 
72,2 86,1 93,1 
72,2 
72,2 
72,1 
72,1 
72,1 
72,2 
72,1 
72,2 
72,1 
72,1 
72,1 
72,1 75,1 
72,1 89,8 93,24 
73,5 
73,1 
73,1 99,1 
73,1 
73,1 
73,1 
73,2 
73,1 
73,1 
73,1 74,1 93,9 
73,1 79,1 84,1 90,1 91,2 95,4 99,4 
73,1 93,1 
73,3 83,1 84,1 85,2 93,1 
73,1 
73,1 93,1 
73,1 74,1 89,2 91,1 
73,2 
73,1 85,1 
73,3 78,2 83,1 84,3 86,1 89,1 91,1 93,1 
73,2 
73,1 84,1 89,2 95,3 99,1 
73,1 76,1 83,2 84,1 85,1 90,1 91,1 96,1 
73,1 
73,2 
73,3 
73,2 
73,2 
73,2 
73,1 75,1 90,2 
73,1 
73,5 
73,1 
73,1 
73,1 
73,1 
73,1 
73,1 
73,1 
73,1 
73,1 
73,1 
73,1 
73,1 
73,1 
73,1 
73,1 
73,1 
73,1 
73,1 
73,1 
73,1 
73,1 
73,2 
73,2 
73,1 90,1 
73,1 
73,1 
73,1 
73,1 75,2 
73,1 
73,1 
73,1 
73,1 
73,1 91,1 
73,1 
73,1 78,1 79,5 81,2 90,1 
73,1 84,1 93,1 
73,1 76,1 78,1 79,1 80,1 83,2 84,2 85,1 94,1 95,1 
73,1 74,1 76,1 79,1 80,1 83,2 94,1 95,1 
73,1 74,1 77,2 78,1 80,1 82,1 88,1 90,1 94,1 95,2 
73,1 74,1 77,1 80,1 81,1 83,2 85,1 90,1 94,1 95,2 
73,1 74,1 78,1 79,1 80,1 81,2 83,1 84,1 85,1 90,1 94,1 95,2 
73,1 74,1 80,1 85,1 94,1 95,1 
73,1 80,1 94,1 95,1 
73,1 80,1 85,1 94,1 95,1 
73,1 76,1 77,1 80,1 82,1 85,1 94,1 95,1 
73,1 
73,1 
73,1 
73,1 74,1 84,1 86,1 89,2 
73,2 78,1 
73,1 78,1 
73,1 
73,1 79,1 83,1 85,2 
73,1 83,1 84,1 85,1 90,1 91,2 
73,1 
73,1 
74,2 
74,2 
74,2 
74,2 
74,2 
74,2 
74,2 79,1 84,2 
74,3 89,1 
74,1 
74,1 
74,3 
74,1 
74,4 
74,1 
74,2 90,1 
74,1 
74,1 
74,1 
74,1 
74,1 
74,1 
74,1 
74,1 
74,1 
74,1 
74,1 
74,1 
74,1 
74,1 
74,1 75,1 79,1 93,1 
74,1 
74,1 85,2 91,1 
74,1 
74,1 86,1 93,2 
74,1 87,1 
74,2 
74,3 
74,2 
74,1 91,3 
74,1 81,2 86,1 93,2 
74,1 77,2 87,1 93,1 
74,1 90,1 
74,1 
74,1 
74,1 
74,1 81,2 87,3 90,1 
74,2 
74,1 
74,2 79,1 83,2 84,1 
74,1 
74,1 
74,1 
74,2 79,1 
74,4 
74,2 
74,1 
74,2 79,1 83,1 86,1 89,1 93,2 
74,1 75,1 
74,3 90,1 
74,1 
74,1 
74,1 
74,1 90,1 
74,1 
74,1 
74,1 
74,1 90,1 
74,2 
74,1 
74,1 83,2 
74,1 
74,1 79,1 
74,1 
74,1 83,1 
74,2 
74,2 
74,4 
74,2 
74,3 
74,1 90,2 
74,1 
74,1 
74,1 
74,1 75,2 
74,1 
74,1 
74,1 
74,2 84,1 90,1 
74,1 
74,2 
74,1 
74,1 
74,1 
74,3 79,1 
74,1 
74,1 
74,1 
74,1 
74,1 
74,1 79,1 84,1 
74,1 
74,1 
74,1 
74,1 
74,1 81,2 87,3 
74,1 
74,1 
74,1 
74,1 
74,1 
74,1 
74,1 
74,1 
74,1 
74,1 
74,2 75,1 
74,1 
74,1 
74,1 
74,1 75,2 
74,1 90,1 
74,1 78,1 79,1 85,1 87,1 90,1 
74,1 
74,1 75,1 78,1 
74,1 77,1 
74,1 77,1 
74,1 75,3 
74,1 
74,1 
74,2 84,1 
74,1 
74,1 
74,1 
74,1 
74,1 
74,1 
74,2 81,2 90,1 
74,1 
74,1 90,1 
74,1 
74,1 
74,1 89,1 
74,1 93,1 
74,1 
74,1 91,1 
74,1 77,1 
74,1 
74,1 78,1 
74,1 
74,1 
74,1 76,2 79,1 80,1 81,1 83,1 94,1 95,1 
74,1 80,1 94,1 95,1 
74,1 78,1 80,1 83,1 84,1 94,1 95,1 
74,1 80,1 81,2 83,1 85,1 87,1 90,1 94,1 95,2 
74,1 78,1 79,1 80,1 83,1 85,1 94,1 95,1 
74,1 80,1 85,1 94,1 95,1 
74,1 
74,1 79,1 80,1 83,1 85,1 94,1 95,1 
74,1 79,1 80,1 83,1 85,1 94,1 95,1 
74,1 80,1 83,1 84,1 94,1 95,1 
74,1 
74,1 77,2 79,1 80,2 81,1 82,2 83,2 94,1 95,1 
74,1 83,1 84,1 
74,1 78,1 82,1 83,1 84,1 86,1 89,2 93,3 
74,1 83,2 84,1 91,1 
74,1 
74,2 84,1 
74,1 
74,1 
74,1 
75,1 
75,2 
75,1 91,1 
75,2 89,1 
75,2 
75,2 83,1 
75,5 83,1 93,2 
75,6 
75,3 90,2 
75,3 
75,4 84,2 90,3 
75,3 
75,3 
75,1 
75,3 
75,1 
75,4 
75,2 
75,2 
75,2 
75,2 
75,2 
75,2 
75,2 84,1 
75,2 
75,2 79,1 83,1 84,1 
75,2 
75,2 
75,2 85,1 
75,2 
75,2 76,1 
75,2 
75,2 
75,2 80,2 86,1 89,12 93,26 
75,2 
75,2 
75,2 
75,2 79,1 83,2 84,1 
75,2 
75,4 
75,2 
75,2 93,1 
75,2 
75,2 
75,2 
75,2 
75,2 
75,2 
75,2 
75,2 
75,2 
75,2 
75,1 
75,1 83,1 84,1 89,1 91,3 
75,1 
75,1 
75,1 
75,1 
75,1 
75,1 83,2 84,1 
75,1 
75,1 
75,1 
75,1 77,1 78,1 90,1 
75,2 
75,1 
75,1 91,9 
75,1 85,1 
75,1 90,1 
75,1 
75,1 76,29 95,3 96,1 99,2 
75,1 
75,1 
75,1 
75,2 
75,1 78,1 79,1 
75,1 
75,1 
75,1 79,1 84,2 
75,1 
75,1 78,1 80,1 83,1 94,1 95,1 
75,1 
76,7 
76,4 95,5 
76,1 
76,1 81,4 83,1 
76,1 
76,3 
76,2 
76,1 
76,2 
76,1 
76,4 
76,8 
76,1 
76,1 
76,1 
76,1 
76,1 
76,8 
76,1 
76,23 95,1 
76,1 81,2 
76,10 87,1 
76,2 
76,1 
76,5 
76,1 
76,1 
76,1 
76,1 
76,1 
76,9 
76,1 
76,1 81,3 
76,1 
76,1 
76,1 
76,1 
76,1 
76,1 
76,4 
76,1 
76,2 
76,2 83,1 
76,1 
76,1 
76,1 
76,1 
76,1 
76,3 
76,1 
76,1 93,5 
76,4 
76,2 
76,1 
76,3 
76,1 
76,4 
76,1 
76,1 
76,1 
76,2 90,1 
76,1 
76,2 
76,2 
76,3 
76,1 
76,1 
76,1 
76,5 80,4 83,1 84,1 87,2 90,1 99,1 
76,10 
76,1 
76,2 
76,1 
76,1 
76,1 
76,1 
76,2 
76,1 
76,1 84,1 90,1 
76,1 
76,1 
76,1 
76,1 
76,1 
76,1 
76,1 
76,1 
76,3 
76,1 
76,1 
76,1 
76,1 
76,2 
76,1 
76,4 
76,1 
76,1 
76,1 
76,2 
76,2 
76,1 
76,1 
76,1 
76,1 
76,1 
76,1 
76,1 
76,1 
76,2 
76,1 
76,1 
76,1 
76,2 
76,1 
76,6 81,3 87,11 
76,1 
76,4 
76,1 
76,1 
76,1 
76,1 
76,1 
76,4 
76,1 
76,1 
76,1 
76,1 
76,1 
76,1 
76,1 
76,1 
76,1 
76,1 
76,1 
76,1 
76,1 
76,1 
76,1 
76,1 
76,1 
76,1 
76,2 
76,1 
76,1 87,1 
76,1 
76,1 
76,1 
76,1 
76,2 
76,1 
76,1 
76,1 
76,1 
76,1 
76,1 
76,1 
76,1 
76,1 
76,1 
76,1 
76,1 
76,1 
76,1 
76,1 
76,1 
76,1 
76,1 
76,1 
76,1 
76,1 
76,1 
76,1 
76,1 
76,2 
76,1 96,3 
76,1 
76,4 
76,4 
76,1 
76,1 
76,1 
76,1 
76,1 
76,1 
76,2 
76,1 
76,1 
76,1 
76,1 80,1 81,1 
76,3 
76,1 
76,1 
76,1 
76,2 
76,1 
76,1 
76,1 
76,1 
76,1 
76,1 
76,1 
76,2 
76,1 
76,2 96,2 
76,1 
76,1 
76,1 
76,1 
76,1 
76,1 
76,1 
76,1 
76,1 
76,1 
76,1 
76,1 
76,1 
76,1 
76,1 
76,1 
76,1 
76,1 
76,1 
76,2 
76,1 
76,1 
76,1 
76,1 
76,1 
76,1 
76,1 88,1 
76,1 92,4 
76,2 
76,1 
76,1 95,1 
76,1 
76,1 
76,1 
76,1 
76,1 
76,1 
76,1 
76,1 
76,1 
76,1 
76,1 
76,1 
76,1 
76,1 
76,1 
76,1 
76,1 80,2 83,1 87,1 94,1 95,2 
76,1 
76,1 
76,1 77,15 79,1 96,5 
76,1 
76,1 
76,2 
76,1 94,1 
76,1 
76,1 
76,1 
76,1 
76,1 
76,1 
76,1 
76,1 
76,3 81,2 87,3 96,1 
76,1 
76,1 
76,1 
76,3 96,1 
76,2 
76,1 79,1 83,2 84,1 90,1 
76,1 
76,1 
76,1 
76,2 90,1 
76,1 
76,1 77,1 78,1 
76,1 
76,1 
76,1 
76,1 
76,1 77,1 79,1 82,1 
76,1 
76,1 
76,1 
76,1 
76,1 
76,1 
76,1 
76,1 93,1 
76,1 
76,1 
76,2 
76,1 
76,1 
76,1 
76,1 77,1 79,1 82,1 83,1 
76,2 
76,1 
76,1 
76,1 
76,1 
76,1 77,13 94,1 
76,1 
76,1 
76,1 
76,1 
76,1 
76,1 77,2 80,1 83,2 94,1 95,1 
76,1 
76,1 77,1 83,1 
76,1 
76,2 77,1 79,1 83,1 
76,1 
76,1 
76,1 77,1 83,1 
76,1 
76,1 
76,1 
76,2 
76,1 
76,1 
76,1 
76,1 
76,1 77,1 80,1 
76,1 
76,1 
76,2 77,1 
76,1 
76,1 
76,1 
76,1 
76,1 
76,1 77,1 83,1 84,1 
76,1 
76,1 77,1 80,1 83,1 84,1 
76,1 
76,1 
76,1 
76,1 
76,1 
76,1 
76,1 
76,1 
76,1 
76,1 
76,1 
76,1 81,2 87,2 
76,2 
76,1 83,1 
76,1 79,1 80,1 83,3 94,1 95,1 
76,1 
76,1 
76,1 
76,1 
76,1 
76,1 
76,1 
76,1 
76,1 
76,1 83,1 
76,1 
76,1 
76,1 
76,1 
76,2 
76,2 
76,1 
76,1 
76,1 
76,1 
76,1 
76,1 
76,1 
76,1 
76,1 
76,1 
76,1 
76,1 
76,1 
76,1 
76,1 
76,1 
76,2 
76,2 
76,1 
76,1 
76,1 
76,2 81,5 
76,2 96,1 
76,1 
76,1 
76,1 
76,1 
76,1 
76,1 
76,3 
76,1 
76,1 
76,1 
76,1 
76,1 
76,1 
76,1 
76,1 
76,1 
76,1 
76,1 
76,1 
76,1 
76,1 
76,2 77,2 
76,1 
76,1 
76,1 
76,1 
76,1 
76,3 81,15 83,1 87,22 95,3 
76,1 
76,1 
76,1 
76,1 
76,2 95,2 
76,1 
76,1 77,2 78,1 79,2 80,1 81,1 82,1 83,1 84,1 85,1 90,1 94,1 95,2 
76,1 
76,1 
76,1 
76,1 94,1 
76,1 
76,1 
76,1 99,1 
76,1 
76,1 
76,1 
76,1 
76,1 
76,1 
76,1 
76,1 
76,1 
76,1 
76,1 
76,1 
76,1 81,16 87,10 
76,1 
76,1 
77,3 
77,12 
77,6 95,2 
77,4 95,5 
77,4 
77,1 
77,4 
77,3 
77,3 
77,2 
77,1 
77,1 
77,3 
77,15 
77,4 
77,1 
77,1 
77,1 
77,1 
77,3 
77,1 
77,4 
77,1 90,1 
77,1 
77,1 81,1 93,2 
77,2 
77,3 
77,4 
77,1 
77,1 
77,10 
77,1 
77,1 
77,1 
77,1 
77,2 
77,3 
77,1 83,1 
77,2 
77,2 
77,1 
77,2 
77,1 
77,1 
77,2 
77,1 
77,4 
77,4 
77,6 
77,2 
77,5 
77,2 
77,5 
77,2 95,1 
77,1 
77,1 
77,2 
77,2 
77,2 
77,3 
77,4 
77,6 87,1 
77,2 
77,2 
77,6 
77,5 
77,2 
77,1 
77,3 
77,2 
77,3 
77,7 
77,13 
77,2 
77,2 
77,1 
77,1 
77,2 
77,1 
77,1 
77,1 
77,1 
77,1 
77,1 
77,2 
77,1 
77,1 
77,1 
77,5 
77,1 
77,1 
77,1 
77,1 90,1 
77,1 
77,2 
77,1 
77,3 
77,1 
77,3 
77,1 
77,1 
77,1 
77,1 
77,1 
77,1 
77,1 
77,1 
77,1 
77,1 
77,1 
77,1 
77,1 
77,1 
77,1 
77,1 
77,1 
77,2 
77,1 
77,2 
77,1 94,1 
77,1 
77,1 
77,1 
77,3 80,1 
77,2 
77,2 
77,1 
77,1 
77,3 
77,2 
77,1 
77,1 
77,2 
77,1 
77,1 
77,1 
77,1 
77,1 
77,1 
77,1 
77,1 
77,2 
77,1 79,2 85,2 91,1 
77,3 
77,1 
77,1 
77,1 
77,1 
77,3 
77,2 
77,4 
77,2 
77,1 
77,4 
77,1 94,1 
77,1 
77,1 
77,1 
77,1 
77,1 
77,1 
77,3 
77,1 
77,1 
77,1 
77,4 
77,2 
77,1 
77,2 
77,1 
77,1 
77,1 
77,1 
77,1 
77,1 
77,5 
77,1 
77,1 
77,2 
77,1 
77,1 
77,1 
77,1 
77,1 
77,1 
77,2 
77,1 
77,1 84,1 
77,1 
77,1 
77,2 
77,2 
77,1 
77,8 
77,2 
77,1 90,1 
77,1 
77,1 
77,1 
77,1 
77,1 
77,1 
77,2 
77,1 
77,1 
77,1 
77,1 
77,1 
77,1 87,1 
77,1 
77,2 
77,1 
77,1 82,1 
77,1 
77,1 
77,2 
77,1 
77,1 
77,1 
77,1 
77,1 
77,1 
77,1 
77,1 
77,1 
77,1 
77,1 
77,1 
77,1 
77,2 
77,1 
77,1 
77,1 
77,1 
77,2 
77,2 
77,3 
77,2 
77,2 
77,1 
77,1 
77,1 94,1 
77,1 
77,1 
77,1 
77,2 
77,1 
77,3 
77,1 
77,1 
77,1 
77,1 
77,1 
77,1 
77,1 
77,1 94,1 
77,1 
77,1 
77,1 
77,1 
77,1 
77,1 
77,1 84,2 
77,1 94,1 
77,1 
77,1 82,1 
77,1 
77,2 
77,2 
77,1 
77,1 
77,1 
77,1 
77,1 
77,2 
77,1 
77,1 
77,1 
77,2 
77,1 
77,1 
77,1 
77,1 
77,2 
77,1 
77,2 
77,1 
77,1 
77,1 
77,1 
77,1 83,1 
77,1 
77,1 
77,1 
77,1 
77,1 
77,1 
77,1 
77,1 
77,1 
77,1 
77,2 
77,1 
77,1 
77,2 
77,1 
77,1 
77,1 
77,1 
77,1 92,1 
77,1 
77,1 
77,1 
77,1 
77,1 79,1 84,2 90,1 
77,1 84,1 
77,1 
77,1 
77,1 
77,1 
77,1 
77,1 
77,2 79,1 80,1 94,1 95,1 
77,2 
77,1 
77,1 
77,1 
77,1 81,1 91,1 
77,1 
77,1 
77,1 
77,1 
77,1 
77,1 
77,1 
77,2 91,1 
77,1 
77,1 
77,1 
77,1 
77,1 
77,1 
77,1 
77,1 
77,1 
77,1 
77,1 
77,1 
77,1 
77,2 
77,1 
77,5 
77,1 
77,1 
77,1 
77,1 
77,1 
77,1 
77,1 
77,1 
77,1 
77,1 
77,2 79,1 80,1 81,1 82,1 94,1 95,1 
77,1 79,1 80,1 
77,1 81,1 82,1 
77,1 81,1 82,1 
77,2 79,1 80,1 94,1 95,1 
77,2 
77,1 87,1 
77,1 
77,1 
77,1 
77,1 79,1 83,2 84,1 
77,1 
77,1 
77,1 
77,1 
77,1 79,1 83,1 84,1 94,1 
77,1 
77,1 
77,1 
77,1 
77,1 
77,1 
77,1 
77,1 83,1 84,1 
77,1 
77,1 
77,1 81,1 82,1 83,1 
77,1 
77,2 
77,1 
77,1 
77,1 
77,1 82,1 83,1 84,1 
77,1 80,1 81,1 83,1 94,1 95,1 
77,1 
77,1 83,3 84,1 
77,1 81,1 
77,1 79,1 80,1 81,1 90,1 94,1 95,2 
77,1 
77,2 
77,1 
77,1 83,1 
77,1 
77,1 80,1 81,1 94,1 95,1 
77,1 
77,1 80,1 81,1 
77,1 
77,1 83,2 
77,1 
77,1 
77,1 
77,4 
77,1 
77,1 
77,1 
77,1 
77,1 
77,1 
77,1 
77,1 
77,1 
77,1 
77,1 
77,2 
77,2 
77,1 
77,1 
77,1 
77,2 
77,2 81,1 
77,2 
77,1 
77,1 
77,1 
77,1 
77,1 
77,1 
77,1 
77,1 
77,1 
77,1 
77,1 
77,1 
77,1 
77,1 
77,1 
77,1 
77,1 
77,1 
77,1 
77,1 
77,1 
77,1 
77,1 
77,3 
77,1 
77,1 
77,1 
77,1 
77,1 
77,1 
77,2 
77,1 
77,1 
77,1 
77,1 
77,1 
77,1 
77,2 
77,1 
77,1 
77,1 
77,1 
77,1 95,2 
77,1 
77,1 
77,1 
77,1 
77,1 
77,1 
77,1 
77,1 81,1 86,1 89,1 91,1 
77,1 
77,1 
77,1 
77,1 
77,2 
77,1 
77,1 
77,1 
77,1 
77,1 
77,1 
77,1 
77,1 
77,1 
77,1 
77,1 
77,1 
77,1 
80,1 90,1 
80,2 90,1 95,2 
80,4 90,1 95,2 
80,4 90,1 
80,2 90,2 
80,2 90,3 
80,1 90,1 
80,1 90,1 
80,11 90,1 93,2 94,28 95,2 
80,2 90,2 
80,1 90,1 
80,1 90,1 
80,1 90,1 
80,4 90,1 
80,1 90,1 
80,5 90,1 
80,1 90,1 
80,1 90,2 92,1 
80,1 90,1 
80,6 90,1 94,14 
80,1 90,1 
80,1 90,1 
80,1 90,1 
80,2 90,1 
80,1 90,1 
80,1 90,1 
80,1 90,1 
80,7 90,1 
80,7 83,1 90,3 92,2 94,3 
80,1 90,1 
80,3 90,3 
80,2 90,1 
80,3 90,1 
80,2 90,4 92,1 
80,2 90,2 
80,1 90,1 92,3 
80,1 90,1 
80,1 90,1 
80,1 90,2 
80,1 90,1 
80,1 90,1 
80,3 90,2 
80,12 90,1 93,1 94,4 95,1 
80,1 87,1 90,1 
80,1 90,2 
80,1 90,1 
80,1 90,1 
80,1 90,1 
79,2 80,1 90,1 
80,1 90,1 94,1 
80,1 90,1 94,1 
80,1 90,1 94,3 
80,1 90,1 94,1 
80,1 90,1 
80,1 90,1 
80,1 90,1 
80,1 87,1 90,1 
80,1 90,1 
80,1 90,1 
80,1 90,1 
80,2 90,1 
80,1 90,1 
80,1 90,1 
80,1 90,1 
80,1 90,1 
80,1 90,1 
80,1 90,1 
80,1 90,1 
80,1 90,2 94,1 
80,1 90,1 
80,1 90,1 
80,1 90,1 
80,5 90,1 94,7 
80,1 90,1 
80,1 90,1 
80,1 90,1 
80,1 90,1 
80,1 90,1 
80,1 90,1 
80,4 90,1 
80,1 90,1 
80,1 90,1 
80,2 90,1 92,1 94,1 95,1 
80,2 90,1 
80,2 90,1 
80,4 90,1 
80,1 90,1 
80,1 90,1 
80,1 90,1 
80,2 90,1 
80,1 90,1 
80,1 90,1 
80,1 90,1 
80,2 90,1 
80,2 90,1 
80,1 90,1 
80,1 90,1 
80,1 90,1 
80,1 90,1 
80,1 90,1 
80,1 90,1 
80,1 90,1 
80,1 90,1 
79,1 80,1 87,1 90,1 
80,1 90,1 
80,1 90,1 
80,4 90,1 94,5 
80,1 90,2 
80,1 90,2 
80,1 90,1 
80,1 90,2 
80,1 90,1 
80,1 90,1 
80,1 90,1 
80,1 90,1 
80,1 90,1 
80,1 90,1 
80,1 90,1 
80,1 90,1 
80,1 90,1 
80,1 90,1 
80,1 90,1 
80,2 90,1 
80,1 90,1 
80,1 90,1 
80,1 90,1 
80,2 90,1 
80,1 90,1 
80,1 90,1 
80,1 90,1 
80,1 90,1 
80,1 90,1 
80,1 90,1 
80,1 90,1 
80,1 90,1 
80,1 90,1 
80,1 90,1 
80,1 90,1 
80,1 90,1 
80,1 90,1 
80,10 90,1 
80,1 90,1 
80,1 90,1 
80,1 90,1 
80,2 90,1 
80,1 90,1 
80,1 90,1 
80,1 90,1 
80,1 90,1 
80,1 90,1 
80,4 90,1 92,1 
80,1 90,1 
80,1 90,1 
80,1 90,1 
80,1 90,1 
80,1 87,2 90,1 
80,1 90,1 
80,1 90,1 
80,1 90,1 
80,1 90,1 
80,1 90,2 
80,1 90,1 
80,1 90,1 
80,1 90,1 
80,1 90,1 
80,1 90,1 
80,1 90,1 
80,2 90,1 
80,1 90,1 
80,1 90,1 
80,1 90,1 
80,1 90,1 
80,1 90,1 
80,1 90,1 
80,1 90,1 
80,1 90,1 
80,1 90,1 
80,1 90,1 
80,1 90,1 94,1 
80,1 90,1 
80,1 90,1 
80,1 90,1 
80,1 90,1 
80,1 90,1 
80,1 90,1 
80,1 90,1 
80,1 90,1 
80,1 90,1 
80,1 88,1 90,1 
80,1 90,1 
80,1 90,1 
80,1 90,1 
80,1 90,1 
80,1 90,1 
80,1 87,1 90,1 93,1 
80,1 90,2 
86,1 89,1 90,2 93,1 
85,3 86,1 89,1 90,1 93,1 95,1 99,1 
86,1 89,1 90,1 93,1 
79,3 86,1 90,1 93,1 
86,5 90,1 
86,1 90,1 
86,1 90,1 
86,1 90,1 
88,1 90,1 
90,1 92,6 
90,1 92,2 95,1 
90,1 92,3 
90,1 92,1 
90,1 92,5 94,2 
90,1 92,3 
90,1 92,2 
90,1 92,1 
90,2 92,1 
90,1 92,2 
90,1 92,1 
90,1 92,1 
90,1 92,2 
81,2 87,3 90,1 92,2 
90,1 92,1 
90,2 92,1 
90,1 92,3 
90,1 92,12 94,1 
90,1 92,1 
90,1 92,1 
90,1 92,2 
90,1 92,1 
90,1 92,1 
90,1 92,2 
90,1 92,1 
90,2 92,1 
90,2 92,1 
90,1 92,1 
90,1 92,1 
90,1 92,3 
90,1 92,1 
90,1 92,2 
90,1 92,3 
90,1 92,1 
90,1 92,1 
90,1 92,2 
90,1 92,1 
90,1 92,1 
90,1 92,1 
90,1 92,3 
90,1 92,1 
92,1 93,23 
92,3 93,1 
92,1 93,2 
92,3 93,1 
92,1 93,3 
92,2 93,1 
79,1 81,1 92,1 93,4 
92,1 93,1 
92,1 93,1 
92,1 93,2 
92,1 93,1 
92,1 93,4 
92,1 93,3 
92,1 93,1 
81,1 92,2 93,1 
92,1 93,1 
92,1 93,1 
92,1 93,1 
92,1 93,2 
92,1 93,1 
92,1 93,2 
92,1 93,1 
92,1 93,1 
92,2 93,1 
92,1 93,2 
92,1 93,1 
92,1 93,3 
92,1 93,1 
92,1 93,2 
92,1 93,3 
92,1 93,7 
92,1 93,3 
92,1 93,9 
92,1 93,1 
92,1 93,1 
92,1 93,1 
92,1 93,1 
92,2 93,4 96,1 
92,1 93,1 
83,1 92,1 93,1 
92,1 93,1 
92,1 93,1 
92,1 93,2 
92,1 93,1 
92,2 93,1 
92,1 93,2 
92,4 93,1 
92,1 93,1 
92,1 93,1 
92,3 93,2 
92,2 93,1 
92,1 93,3 
92,1 93,3 
92,1 93,1 
92,1 93,1 
92,1 93,1 
92,1 93,2 
92,2 93,2 
92,2 93,1 
92,2 93,1 
92,1 93,1 
92,1 93,1 
92,2 93,1 
92,1 93,1 
92,1 93,1 
92,1 93,1 
92,1 93,1 
92,1 93,1 
92,1 93,2 
92,1 93,4 
92,1 93,2 
92,1 93,5 
85,1 87,2 92,3 93,1 
92,1 93,4 
92,1 93,1 
92,1 93,2 
92,1 93,2 
92,1 93,1 
80,1 92,2 93,1 
92,1 93,1 
81,1 92,1 93,1 
92,1 93,1 
92,1 93,2 
92,2 93,6 
92,1 93,11 
92,1 93,11 
92,1 93,19 
92,1 93,3 
79,1 89,1 92,1 93,19 
92,1 93,3 
92,1 93,1 
92,1 93,4 
92,1 93,5 
92,1 93,3 
92,1 93,6 
92,1 93,1 
92,1 93,6 
92,1 93,2 
92,1 93,10 
92,5 93,2 
92,1 93,5 
92,1 93,1 
92,1 93,8 
92,1 93,8 
92,1 93,1 
92,1 93,4 
92,3 93,9 
92,3 93,1 
92,1 93,1 
92,1 93,3 
92,1 93,1 
80,1 93,3 
93,4 
93,11 
93,2 
93,2 
93,9 94,1 
93,1 
93,1 
79,1 93,1 
93,1 
84,1 93,1 
93,1 
93,4 
93,5 
93,1 
93,3 
93,1 
93,1 
93,2 
93,1 
93,1 96,1 
83,2 84,1 93,2 
93,4 
93,1 
93,4 
93,1 
93,1 
78,1 79,1 93,1 
93,4 
84,1 93,3 
79,1 93,2 
93,1 
89,1 93,2 
93,2 
93,3 
93,1 
86,2 93,1 
93,1 
93,1 
93,2 
93,3 
93,2 
93,1 
93,1 
93,2 
78,1 93,1 
93,5 
93,1 
89,1 93,3 
93,1 
93,1 
93,1 
93,3 
93,1 
93,1 
93,1 
93,1 
84,1 93,1 
93,1 
93,2 
93,2 
93,2 
93,1 
93,2 
93,1 
93,2 
93,2 
93,1 
93,1 
79,1 93,3 
93,1 
93,1 
93,1 
93,1 
93,1 
93,1 
93,1 
93,1 
93,1 
93,1 
93,2 
89,1 93,1 
89,1 93,2 
93,1 
93,2 
93,1 
93,3 
93,2 
93,2 
93,1 
93,3 
93,1 
93,1 
93,1 
93,2 
78,1 93,1 
93,1 
93,1 
93,1 
93,2 
93,1 
93,1 
84,1 93,1 
93,2 
93,2 
79,1 93,1 
93,1 
87,1 93,1 
93,2 
93,2 
79,1 93,2 94,1 
93,1 
93,1 
91,1 93,1 
93,1 
93,1 
93,1 
93,1 
93,1 
79,1 83,2 84,1 93,1 
93,1 
93,1 
79,1 83,2 84,1 93,1 
93,1 
93,1 
78,1 86,2 87,1 93,1 
93,1 
93,1 
93,1 
93,3 
93,1 
93,1 
93,1 
93,1 
93,2 
93,1 
93,1 
93,1 
93,1 
93,1 
93,1 
93,1 
93,1 
93,1 
93,1 
93,3 
93,1 
93,1 
93,3 
78,1 89,1 93,1 
93,1 
93,1 
93,1 
93,1 
93,1 
81,1 93,3 
93,1 
93,1 
93,1 
93,1 
93,1 
93,1 
93,1 
93,1 
93,1 
93,1 
93,1 
93,3 
79,1 93,1 
93,1 
93,1 
93,1 
93,5 
93,4 
93,1 
79,1 93,1 
93,1 
94,1 
94,1 
94,1 
79,4 94,1 
81,1 94,3 
94,2 
94,1 
94,1 
94,1 
94,2 
94,2 
94,3 
94,2 
86,1 94,2 
94,1 
94,3 
94,2 
94,3 
94,4 
94,5 
94,6 
94,2 
79,2 89,1 94,2 
94,2 
94,1 
94,2 
79,1 87,1 94,1 
94,3 
84,1 94,2 
84,1 94,1 
94,1 
94,3 
92,1 94,3 
94,1 
84,1 94,2 
94,1 
94,1 
94,1 
84,1 94,1 
86,1 89,1 94,1 
94,2 
94,1 
89,2 94,3 
94,2 
94,2 
94,1 
79,2 94,1 
94,6 
78,1 79,1 94,16 
94,1 
94,1 
94,2 
79,1 91,2 94,1 
79,1 94,5 
94,1 
94,1 
83,1 86,8 91,1 94,1 
94,1 
91,2 94,5 
85,1 91,1 94,1 
94,1 
91,1 94,1 
94,1 
94,1 
94,1 
79,1 80,1 94,1 95,2 
78,1 80,1 83,2 94,1 95,2 
80,1 83,1 94,1 95,2 
79,1 85,2 91,3 94,14 
94,1 
94,1 95,11 
85,1 89,1 94,3 
89,1 94,4 
91,1 94,3 
94,3 
94,1 
94,1 
94,1 
94,1 
86,1 91,1 94,1 
83,1 85,1 94,3 
94,2 
94,1 
78,1 85,2 94,2 
86,1 94,1 
94,1 
94,3 
94,2 
89,1 94,1 
94,2 
94,1 
94,1 
94,1 
94,1 
88,1 94,2 
86,1 89,1 94,1 99,1 
82,1 87,1 94,1 
94,1 
86,1 94,2 
94,1 
86,1 89,1 94,1 
94,1 
94,1 
94,1 
94,1 
94,1 
94,1 
86,1 87,1 88,1 89,1 94,1 
79,1 94,1 
83,1 89,1 94,1 
86,1 89,1 94,1 
94,1 
94,1 
83,1 86,4 89,2 94,1 
85,1 94,1 
85,1 94,1 
89,1 94,1 
89,1 94,1 
94,6 
94,1 
94,1 
94,4 
94,1 95,2 99,2 
94,1 
94,1 
89,1 94,1 
89,4 94,1 
94,1 
89,3 94,1 
89,2 94,1 
94,1 
94,1 
94,1 
94,1 
94,1 
94,1 
86,3 89,1 94,1 
86,1 94,1 
86,1 94,1 
78,1 85,1 86,1 94,1 
87,3 94,2 
94,1 
94,2 
94,1 
94,1 
94,1 
86,1 89,1 94,2 
94,1 
94,1 
89,2 91,1 94,2 
94,6 
86,2 94,1 
94,1 
94,2 
94,1 
89,1 94,1 
94,1 
94,1 
89,2 94,1 
94,1 
94,1 
94,1 
94,1 
94,1 
94,1 
94,2 
94,1 
84,1 94,2 
94,1 
86,1 94,1 
94,1 
94,1 
94,1 
94,1 
94,1 
94,1 
94,1 
94,1 
94,1 
94,1 
94,2 
89,9 94,1 
86,2 89,1 94,1 
94,1 
94,1 
83,1 94,2 
94,1 
94,1 
94,1 
94,2 
94,1 
94,2 
94,2 
86,1 94,1 
94,1 
91,1 94,1 
94,1 
94,4 
89,1 94,1 
94,1 
94,1 
94,1 
94,1 
86,1 94,1 96,1 
86,1 94,1 
94,1 
94,1 
94,1 
94,1 
94,1 
94,1 
94,1 
85,1 94,1 
94,1 
94,1 
89,1 94,1 
94,1 
89,2 94,1 
94,1 
94,1 
91,1 94,1 
94,1 
94,1 
94,1 
94,1 
94,1 
89,1 94,1 
89,1 94,1 
94,1 
94,1 
94,2 
83,2 94,1 
89,1 94,1 
89,4 94,1 
94,1 
94,1 
94,2 
94,1 
86,1 89,1 94,1 
94,1 
94,1 
94,1 
84,1 94,1 
94,1 
94,1 
94,1 
94,1 95,1 
94,1 
94,1 
94,1 
91,9 94,1 
94,1 
89,1 94,1 
94,1 
94,1 
94,1 
89,1 91,2 94,1 
94,1 
89,1 94,1 
86,1 89,1 94,1 
94,2 
94,1 
94,1 
79,5 85,1 94,1 
94,1 
94,1 
94,1 
85,2 94,2 95,1 99,1 
94,1 
94,1 
94,1 
94,1 
94,1 
94,1 
94,1 
94,1 
84,1 86,1 94,1 
94,1 
86,2 94,1 
79,1 94,1 
94,1 
94,1 
94,3 
79,2 83,1 86,9 89,1 94,1 
89,1 91,9 94,1 95,1 
83,1 94,1 
94,2 
94,1 
86,1 94,1 
94,1 
79,1 94,1 
94,1 
94,1 
94,1 
94,2 
94,1 
86,1 94,2 
83,1 89,1 94,2 
94,1 
94,1 
94,1 
94,1 
94,3 
94,1 
89,1 91,2 94,1 
89,3 94,1 
94,1 
94,1 
89,1 91,1 94,1 
94,1 
89,1 94,1 
94,1 
94,1 
94,1 
89,1 94,1 
94,2 
94,1 
94,3 
94,1 
94,1 
89,1 94,1 
94,1 
94,1 
94,1 
94,1 
94,1 
78,1 79,2 84,1 89,1 94,1 
94,1 
94,1 
91,1 94,1 
91,1 94,1 
94,1 
94,1 
94,1 
94,1 
89,3 94,1 
86,1 94,1 
86,2 89,1 94,3 
94,1 
94,1 
94,1 
94,1 95,5 
94,1 95,3 
94,1 
94,1 
94,1 
94,1 
94,1 
94,1 
94,1 
94,1 
94,1 
94,1 
87,1 94,1 
94,1 
94,1 
94,1 
94,1 
94,1 
94,1 
94,1 
94,1 
94,1 
80,2 94,1 
94,1 
94,1 
94,1 
94,1 
94,1 
94,1 
94,1 
94,1 
94,1 96,2 99,2 
94,1 
94,1 
94,1 97,1 
94,1 
94,1 
80,1 94,1 
94,1 
94,1 
94,1 
94,1 
94,1 
94,1 
94,2 
83,1 94,1 95,1 
94,1 
94,1 
94,1 
80,1 92,1 94,1 
80,1 94,1 96,1 
94,1 
94,1 
94,1 
94,1 
94,1 
94,1 
94,1 95,1 
94,1 
94,1 
94,1 
94,1 
94,1 
94,1 
94,2 
87,1 94,1 
94,1 
94,1 
94,1 
94,2 
94,1 
94,1 
94,1 
94,2 
94,1 
94,1 
94,2 
94,1 
94,1 
94,1 
94,1 
94,2 
94,1 
94,1 
94,1 
94,2 
94,3 
94,1 
94,1 
94,3 
94,1 
94,1 
94,1 
94,1 
94,1 
94,1 
94,1 
94,1 
94,1 
94,1 
94,1 
94,1 
94,1 
94,1 
94,1 
94,1 
94,1 
94,1 
94,1 
94,1 
94,1 
94,1 
94,2 
94,1 
94,1 
94,1 
94,2 
94,1 
94,1 
94,1 
94,1 
94,1 
94,1 
94,1 
94,1 
94,1 
94,1 
94,1 
94,1 
94,1 
94,1 
94,1 
94,1 
94,1 
94,2 
94,1 
94,1 
80,2 94,1 
94,1 
94,1 
94,1 
94,1 
94,1 
94,1 
94,1 
94,1 
94,1 
94,1 
94,1 
94,1 
94,1 
94,1 
94,1 
94,1 
94,1 
94,1 
94,1 
94,1 
94,1 
94,1 
94,1 
94,1 
94,1 
94,1 
94,1 
94,1 
94,1 
94,1 
94,1 
94,2 
94,1 
94,1 
94,1 
94,1 
94,1 
94,1 
94,1 
94,3 
94,1 
94,1 
94,1 
94,1 
94,1 
89,1 94,2 
94,2 
94,1 
94,1 
94,1 
94,1 
94,1 
94,1 
94,1 
94,1 
94,1 
94,1 
94,2 
94,1 
94,1 
94,1 
94,1 
94,1 
94,1 
94,1 
94,1 
94,1 
94,1 
94,1 
94,2 
94,2 
94,1 
94,2 
94,2 
94,2 
94,1 
94,1 
94,1 
94,1 
81,1 94,3 
94,3 
94,1 
94,1 
94,2 
94,2 
94,1 
94,1 
94,1 
94,1 
94,1 
94,1 
94,1 
94,1 
94,1 
94,1 
94,2 
94,1 
94,1 
94,1 
94,1 
94,4 
94,1 
94,1 
94,1 
94,1 
94,1 
94,1 
94,1 
94,1 
94,1 
94,1 
94,2 
94,1 
94,1 
94,1 
94,1 
94,1 
94,1 
94,1 
94,1 
94,1 
94,1 
94,1 
94,1 
94,1 
94,1 
94,1 
94,1 
94,1 
94,1 
94,1 
94,1 
94,1 
94,2 
94,1 
94,1 
94,1 
94,1 
94,1 
94,1 
94,1 
94,1 
94,1 
94,1 
94,1 
92,2 94,1 
94,2 
94,3 
94,2 
94,1 
92,1 94,1 
94,2 
94,1 
94,1 
94,1 
94,1 
94,1 
94,1 
94,1 
94,1 
94,1 
94,1 
94,1 
94,1 
94,1 
94,1 
94,1 
94,1 
94,1 
94,1 
94,1 
94,1 
94,1 
94,1 
94,1 
94,1 
94,1 
94,1 
94,1 
94,1 
94,1 
94,1 
94,1 
94,1 
94,1 
82,1 85,1 86,1 87,1 94,1 
94,1 
94,1 
94,1 
94,1 
94,1 
94,1 
94,1 
94,1 
94,1 
89,2 94,1 
94,2 
85,1 94,1 
94,1 
94,1 
94,1 
94,1 
94,1 
94,1 
94,1 
94,1 
94,1 
94,1 
94,1 
94,1 
94,1 
94,1 
94,1 
94,1 
94,1 
94,1 
94,1 
94,1 
94,1 
94,1 
94,1 
94,1 
94,1 
94,1 
94,1 
94,1 
79,1 94,1 
94,1 
94,1 
94,1 
94,1 
94,1 
94,1 
94,1 
94,1 
94,1 
94,1 
94,1 
94,1 
94,1 
94,1 
94,1 
94,1 
94,1 
94,1 
94,1 
94,1 
94,1 
94,1 
94,1 
94,1 
94,1 
94,1 
94,1 
94,1 
94,1 
94,1 
94,1 
94,1 
94,1 
94,1 
94,1 
94,1 
94,1 
94,1 
94,1 
94,1 
94,1 
94,1 
94,1 
94,1 
94,1 
94,1 
94,1 
94,1 
94,1 
94,1 
94,1 
94,1 
94,1 
94,1 
94,1 
94,1 
94,1 
94,1 
94,1 
94,1 
94,1 
94,1 
94,1 
94,1 
94,1 
94,1 
94,1 
94,1 
94,1 
94,1 
94,1 
94,1 
94,1 
94,1 
94,1 
94,1 
94,1 
94,1 
94,1 
89,1 94,1 
94,1 
94,1 
94,1 
94,1 
94,1 
94,1 
94,1 
94,1 
94,1 
94,1 
94,1 
94,1 
82,1 94,1 
82,1 94,1 
82,1 94,1 
82,1 94,1 
83,1 94,1 
84,6 94,1 
78,1 94,1 
78,1 79,1 94,1 
78,1 82,1 83,1 
78,1 82,1 
82,1 83,1 
82,1 
82,1 
82,1 85,1 
80,2 82,1 
82,1 92,1 
82,1 89,9 
82,1 88,1 
82,1 88,1 
82,1 88,1 
82,1 88,2 
82,1 92,1 
80,1 82,1 
80,1 82,1 
80,1 82,1 
80,1 86,1 
80,1 86,1 
80,1 86,1 
80,1 86,1 
80,1 86,2 
80,1 86,1 
80,1 86,1 
80,1 86,2 
80,1 86,1 
80,1 86,1 
80,1 86,8 
80,1 86,1 
80,1 86,2 
80,1 86,1 
80,1 86,2 
80,1 86,1 
80,1 86,1 
80,1 86,1 
81,6 86,1 87,20 
81,7 86,1 87,5 
81,8 86,1 87,6 
81,3 86,1 
86,4 
78,1 86,1 
83,6 84,1 85,1 86,1 
83,1 86,2 
83,1 86,2 
81,1 83,1 86,1 
83,1 86,1 95,1 
83,1 84,1 86,1 
80,1 81,2 83,2 86,1 87,1 95,3 
83,1 86,1 
83,1 86,2 
83,1 86,2 
83,1 86,1 
83,1 86,1 
83,1 86,1 
83,1 86,1 
83,1 86,1 
83,1 86,3 
83,2 86,1 
83,1 86,1 
83,2 86,2 
83,2 86,1 
83,1 86,1 
83,1 86,2 
83,1 86,1 
84,2 86,1 
84,2 86,1 
84,1 86,1 
84,1 86,1 
79,1 80,2 84,5 86,1 87,1 
84,2 86,1 
84,4 86,1 
79,1 84,3 86,1 
84,4 86,1 
84,1 86,1 
84,1 86,1 
84,1 86,1 
84,1 86,1 
84,2 86,1 89,1 
84,1 86,1 
84,1 86,1 
84,1 92,1 
84,1 92,2 
84,1 92,1 
84,1 92,1 
84,1 92,1 
84,1 92,1 
84,1 92,1 
84,1 92,7 
84,1 92,1 
80,1 84,1 92,1 95,1 
84,1 92,1 
81,1 84,1 92,1 
84,1 92,1 
84,1 92,1 
84,1 92,1 
84,1 91,1 92,1 
84,1 91,1 92,3 
84,1 92,1 
84,1 92,1 
84,1 92,1 
84,1 92,1 
79,1 83,1 92,1 
83,1 92,1 
83,1 92,2 
83,1 92,1 
83,1 92,1 
83,1 92,1 
83,1 92,1 
83,1 92,1 
83,1 92,1 
79,1 83,1 92,1 
83,1 92,1 
83,1 92,1 
83,1 92,1 
83,1 84,1 92,1 
83,1 89,1 92,1 
83,1 92,1 
83,1 92,1 
83,1 92,1 
83,1 92,1 
83,1 92,1 
83,1 92,1 
83,2 92,1 
83,1 89,9 92,1 
83,1 92,1 
83,1 92,1 
83,1 92,1 
83,1 92,1 
83,1 92,1 
83,1 92,1 
83,1 92,1 
83,1 84,1 92,1 
83,1 92,1 
83,1 92,1 
83,1 92,1 
83,1 92,1 
83,1 92,1 
83,2 84,1 92,1 
83,1 92,2 
83,3 84,1 92,1 
79,1 83,2 84,1 92,1 
79,1 83,2 84,1 92,1 
83,1 92,1 
79,1 83,2 84,1 92,1 
83,2 84,1 92,1 
83,2 84,1 92,1 
79,1 83,2 84,1 92,1 
83,1 92,1 
79,1 83,2 84,1 92,1 
79,1 83,2 84,1 92,1 
83,2 92,1 
79,1 83,2 84,1 92,1 
79,1 83,2 84,1 92,1 
79,1 83,2 84,1 92,1 
83,2 92,1 
83,2 92,1 
83,2 92,1 
83,2 92,1 
79,1 83,2 84,1 92,1 
79,1 83,2 84,1 92,1 
83,1 92,1 
83,1 92,1 
83,1 92,1 
78,1 80,1 81,1 83,2 84,1 85,1 88,1 92,1 95,1 
83,1 84,1 92,1 
83,1 84,1 92,1 
83,1 92,1 
79,1 83,2 84,2 92,1 
79,1 83,1 84,1 92,1 
83,1 92,1 
83,1 92,1 
83,1 84,1 92,1 
80,1 83,1 92,1 
78,1 79,1 80,1 81,1 83,2 92,2 95,1 
83,1 84,1 92,1 
83,1 92,1 
79,1 83,1 84,1 92,1 
83,1 92,1 
83,1 92,1 
83,1 92,2 
83,1 92,1 
79,1 83,1 84,1 92,1 
79,1 80,1 83,2 92,1 95,1 
83,1 92,1 
79,1 80,1 83,2 92,1 95,1 
79,1 83,1 84,1 92,1 
83,1 92,1 
83,1 84,1 92,1 
83,1 92,1 
81,1 83,1 92,1 
83,1 84,1 92,1 
83,1 92,1 
83,1 84,1 92,1 
79,1 80,1 83,1 92,1 95,1 
83,1 92,1 
83,1 84,1 92,1 
80,1 81,1 83,1 92,1 95,1 
83,1 92,1 
79,1 80,1 83,1 92,1 95,1 
83,1 92,1 
79,1 80,1 83,1 92,1 95,1 
79,1 80,1 83,1 92,3 95,1 
83,1 92,1 
83,1 92,1 
83,1 92,1 
83,1 92,1 
83,1 92,1 
83,1 92,1 
83,1 92,1 
83,1 92,1 
83,1 92,1 
83,1 92,1 
83,1 92,1 
83,1 92,1 
83,1 92,1 
83,1 92,1 
80,1 83,1 85,1 92,1 95,1 
83,1 92,1 
83,1 92,2 
80,2 83,1 92,1 95,2 
83,1 92,1 
83,1 92,1 
78,1 80,1 83,1 92,1 95,1 
83,1 92,1 
80,1 83,1 92,1 95,1 
83,1 92,1 
83,1 92,1 
83,1 92,1 
83,1 92,1 
80,1 83,1 92,1 95,1 
83,1 92,1 
83,1 92,1 
83,1 92,1 
83,1 92,1 
83,1 92,1 
83,1 92,3 
83,1 92,1 
83,1 92,1 
83,1 92,1 
80,1 83,1 92,1 95,1 
83,1 92,1 
80,1 83,1 92,1 95,1 
83,1 92,1 
83,1 92,2 
79,1 80,1 83,1 92,1 95,1 
80,1 83,1 92,2 95,1 
83,1 92,1 
83,1 92,1 
80,1 83,1 92,1 95,1 
83,1 92,1 
83,1 92,1 
83,1 92,1 
80,1 83,1 92,1 95,1 
80,2 83,1 92,1 95,1 
83,1 92,1 
80,1 83,1 92,1 95,1 
80,1 83,1 92,1 95,1 
80,1 81,1 83,1 92,1 95,1 
83,1 92,1 
83,1 92,1 
83,1 92,1 
83,1 92,1 
80,1 83,1 92,1 95,1 
80,1 83,1 92,1 95,1 
80,1 83,1 92,1 95,1 
83,1 92,1 
80,1 83,1 92,1 95,1 
83,1 92,2 
83,1 92,1 
80,1 83,1 92,1 95,1 
83,1 92,1 
80,1 83,1 92,1 95,1 
83,1 92,1 
78,1 83,1 92,1 
83,1 92,1 
83,1 92,1 
83,1 92,2 
83,1 92,1 
78,1 83,1 84,1 85,1 92,1 99,1 
83,1 92,1 
79,2 92,1 
79,1 92,1 
79,1 92,1 
79,1 92,1 
79,1 92,3 
79,3 92,1 
79,2 92,3 
79,1 92,1 
79,1 89,1 92,1 
79,1 92,1 
79,2 92,1 
79,1 92,1 
79,1 92,1 
79,1 92,1 
79,2 92,1 
79,1 92,1 
79,1 92,1 
79,1 89,1 92,1 
79,1 92,1 
79,4 92,1 
79,1 92,1 
79,1 92,1 
79,2 81,1 85,2 89,1 92,1 
79,1 92,1 
79,1 92,1 
79,1 92,1 
79,2 92,1 
79,1 92,1 
79,3 92,1 
79,1 92,1 
79,1 92,1 
79,2 92,1 
79,1 92,1 
79,1 92,1 
79,1 92,1 
79,1 92,1 
79,1 87,1 
79,1 87,1 
79,1 87,7 
79,1 87,1 
79,1 87,8 
79,1 87,2 
79,1 87,4 
79,1 87,4 
79,1 87,1 
79,1 87,16 
79,1 87,13 
79,1 87,36 
79,1 87,3 
79,1 87,1 
79,1 87,9 
79,1 87,1 
79,1 87,3 
79,1 87,2 
79,1 87,2 
79,1 87,3 
79,1 87,1 
79,1 87,4 
79,1 87,2 
79,1 87,1 
79,1 87,1 
79,1 87,4 
79,1 87,1 
79,1 87,1 
79,1 87,1 
79,1 87,1 
79,1 87,1 
78,1 79,1 87,1 91,1 
79,1 87,1 
79,1 87,2 89,1 
79,1 87,3 
79,1 87,1 
79,1 87,1 
79,1 87,1 
79,1 87,1 
79,1 87,2 89,1 91,2 
79,1 87,2 
79,1 84,1 87,2 
79,3 87,1 
79,1 87,2 
79,1 87,1 89,1 
79,1 84,1 87,3 
79,1 87,1 
79,1 87,1 
79,1 87,1 
79,1 87,1 
79,1 87,1 
79,1 87,2 
79,1 87,6 
79,1 87,1 91,16 
79,1 87,1 
79,1 87,2 
79,1 87,2 
79,1 87,1 
79,1 87,2 89,1 91,4 
79,1 84,1 87,3 
79,1 84,1 87,2 
79,1 87,1 
79,1 87,1 
79,1 87,1 
79,1 87,2 
79,1 87,1 
79,1 87,2 
79,1 87,1 
79,1 87,1 
79,1 87,1 
79,1 87,1 
79,1 87,1 
79,1 87,1 
79,1 87,1 
79,1 87,1 
79,1 84,1 87,1 
79,1 87,1 
79,1 87,1 91,1 
79,1 80,1 87,4 95,1 
79,1 80,1 87,1 95,1 
79,1 80,1 87,7 95,1 
79,1 80,1 87,2 95,1 
79,1 80,1 87,1 95,1 
79,1 80,1 87,2 95,1 
79,1 80,1 87,2 95,1 
87,7 
87,2 
87,1 
87,1 
87,2 
87,1 
87,3 
87,1 
87,3 
87,2 
87,3 
87,11 
87,1 
87,1 
87,4 
87,1 
87,10 
87,1 
87,1 
87,1 
80,2 87,1 
87,1 
87,1 
87,1 
87,1 
87,2 
87,3 
87,2 
87,1 
87,2 
87,1 
87,1 
87,1 
87,1 
87,1 
87,1 
87,1 
87,1 
87,1 
87,1 
87,1 
87,1 
87,1 
87,1 
80,2 87,1 
87,1 
87,1 
87,1 
87,1 
87,1 
87,1 
87,1 
87,1 
87,1 
87,1 
87,1 
87,1 
87,1 
87,1 
87,2 
87,1 
87,1 
87,1 
87,1 
87,1 
87,1 
87,1 
87,2 
87,1 
87,1 
87,1 
87,1 
87,1 
87,1 
87,1 
87,2 
87,1 
87,1 
87,1 
87,1 
87,1 
87,1 
87,1 
87,1 
87,1 
87,1 
87,1 
87,1 
87,1 
87,2 
87,1 
87,1 
87,1 
87,1 
87,1 
87,1 
87,1 
87,1 
87,1 
87,2 
87,1 
87,1 
87,9 
87,5 
87,1 
87,1 
87,1 
87,1 
87,1 
87,1 
87,1 
87,1 
87,1 
87,1 
87,1 
87,1 
87,1 
87,1 
87,1 
87,1 
87,1 
87,1 
80,3 87,2 
87,1 
87,1 
87,1 
87,1 
87,1 
87,1 
87,1 
87,1 
87,1 
87,1 
87,1 
87,1 
87,1 
87,1 
87,1 
87,1 
87,1 
87,1 
87,1 
87,1 
87,1 
87,1 
87,1 
87,1 
87,1 
87,1 
87,1 
87,1 
87,1 
87,1 
87,1 98,1 
87,1 
87,1 
87,1 
87,1 
87,1 
87,1 
87,2 
87,1 
87,1 
87,1 
87,1 
87,1 
87,2 
87,1 
87,1 95,2 
87,1 95,4 
87,1 
87,1 
87,1 
87,1 
87,1 
87,1 
87,1 
87,3 
87,1 
87,1 
87,1 
87,1 
87,1 
87,1 
87,1 
87,1 
87,1 
87,1 
87,1 
87,1 
87,1 
80,1 87,2 95,1 
80,1 87,2 95,1 
80,1 87,1 95,1 
80,1 87,1 95,1 
80,1 87,1 95,1 
80,1 87,1 95,1 
80,1 87,3 95,1 
80,1 87,1 95,1 
80,1 87,1 95,1 
80,1 87,1 95,1 
80,1 87,1 95,1 
80,1 87,1 95,1 
80,1 85,1 87,1 95,1 
80,1 87,1 95,1 
80,1 87,1 95,1 
80,1 87,1 95,1 
80,1 87,2 95,1 
80,1 87,1 95,1 
80,1 87,2 95,1 
80,1 87,1 95,1 
80,1 87,2 95,1 
80,1 87,1 95,1 
80,1 87,1 95,1 
80,1 87,1 95,1 
80,1 87,1 95,1 
80,1 87,1 95,1 
80,1 87,1 95,1 
79,1 80,1 87,1 95,1 
80,1 87,1 95,1 
80,1 85,1 87,1 95,1 
80,1 87,1 95,1 
80,1 87,1 95,1 
80,1 87,1 95,1 
80,1 87,1 95,1 
80,1 87,2 95,1 
80,1 87,1 95,1 
80,1 87,1 95,1 
80,1 87,1 95,1 
79,1 80,1 81,1 87,1 95,1 
80,1 87,1 95,1 
80,1 87,1 95,1 
79,1 80,1 81,1 87,1 95,1 
79,1 80,1 87,2 95,1 
80,1 87,1 95,1 
80,1 87,1 95,1 
80,1 87,3 95,1 
80,1 87,1 95,1 
80,1 87,2 95,1 
80,1 87,1 95,1 
79,1 80,1 87,1 95,1 
80,1 87,1 95,1 
80,1 85,1 87,1 95,1 
80,1 87,1 95,1 
80,1 87,1 95,1 
80,1 87,1 95,1 
80,1 87,1 95,1 
79,1 80,1 87,1 95,1 
79,1 80,1 87,1 95,1 
80,1 87,1 95,1 
80,1 87,1 95,1 
80,1 87,1 95,1 
80,1 87,1 95,1 
80,1 87,4 95,1 
80,1 87,1 95,1 
80,1 87,1 95,1 
80,1 87,1 95,1 
80,1 87,1 95,1 
80,1 87,1 95,1 
80,1 87,1 95,1 
80,1 87,1 95,1 
80,1 87,1 95,1 
80,1 87,1 95,1 
80,1 87,1 95,1 
80,1 87,1 95,1 
80,1 87,2 95,1 
80,1 87,1 95,1 
80,1 87,1 95,1 
80,1 87,1 95,1 
80,1 87,1 95,1 
80,1 87,1 95,1 
80,1 87,1 95,1 
80,1 87,1 95,1 
80,1 87,1 95,1 
80,1 87,1 95,1 
80,1 87,1 95,1 
80,1 87,1 95,1 
80,1 87,1 95,1 
80,1 87,1 95,1 
80,1 87,1 95,1 
80,1 87,1 95,1 
80,1 87,1 95,1 
79,1 80,1 81,1 85,1 87,1 95,1 
80,1 87,1 95,1 
87,1 
87,1 
87,1 
87,1 
87,1 
81,1 87,1 
87,1 
87,1 
87,1 
87,1 
87,1 
87,1 
87,1 
87,1 
87,1 
87,1 
87,1 
87,1 
81,2 87,1 95,1 
81,5 87,1 
81,11 87,1 
81,2 87,1 
81,1 87,1 
81,1 87,1 
81,1 87,1 
81,1 87,1 
81,3 87,1 
81,1 87,1 
81,1 87,1 
81,8 87,1 
81,2 87,1 
81,3 87,3 
81,1 87,1 
81,1 87,1 
81,5 87,1 
81,1 87,1 
81,18 87,1 
81,2 87,1 
81,9 87,1 
81,2 87,1 
81,4 87,1 
81,1 87,1 
81,1 87,1 
81,1 87,1 
81,1 87,1 
81,20 87,1 
81,1 87,1 
81,1 87,1 
81,3 87,1 
81,1 87,1 
81,1 87,1 
81,1 87,1 
81,2 87,1 
81,2 87,1 
81,1 87,1 
81,1 87,1 
81,1 87,1 
81,3 87,1 
81,1 87,1 
81,1 87,1 
81,1 87,1 
81,2 87,2 
81,1 87,2 
81,1 87,1 
81,1 87,1 
81,2 87,1 
81,1 87,1 
81,1 87,1 
81,1 87,1 
81,1 87,2 
81,1 87,1 
81,1 87,1 
81,12 87,1 
81,1 87,1 
81,2 87,1 
81,1 87,1 
81,1 87,1 
81,1 87,1 
81,1 87,1 
81,1 87,1 
81,1 87,1 
81,1 87,1 
81,3 87,1 
81,1 87,1 
81,1 87,1 
81,1 87,1 
81,1 87,1 
81,4 87,1 
81,2 87,1 
81,1 87,1 
81,2 87,1 
81,1 87,1 
81,1 87,1 
81,1 87,1 
81,1 87,1 
81,1 87,1 
81,1 87,1 
81,6 87,1 
81,1 87,1 
81,1 87,1 
81,1 87,1 
81,1 87,1 
81,1 87,1 
81,1 87,2 
81,2 87,1 
81,1 87,1 
81,1 87,1 
81,1 87,1 
81,4 87,1 
81,6 87,1 
81,3 87,1 
81,1 87,1 
81,1 87,1 
81,1 87,1 
81,1 87,1 
81,1 87,1 
81,3 87,1 
81,1 87,1 
81,1 87,1 
81,1 87,1 
81,1 87,1 
81,1 87,1 
81,1 87,1 
81,2 87,1 
81,3 87,1 
81,1 
81,2 
81,1 
81,3 
81,1 
81,1 
81,2 
81,1 
81,1 
81,1 
81,1 
81,1 
81,1 
81,2 
81,1 
81,1 
81,2 
81,1 
81,1 
81,1 
81,1 
81,1 
81,1 
81,1 
81,1 
81,1 
81,1 
81,1 
81,1 
81,1 
81,1 
81,5 
81,1 
81,1 
81,1 
81,1 
81,1 
81,1 
81,1 
81,1 
81,2 
81,1 
81,1 
81,1 
81,2 
81,1 
81,1 
81,1 
81,2 
81,1 
81,1 
81,4 
81,1 
81,1 
81,1 
81,1 
81,1 
81,1 
81,2 
81,1 
81,1 
81,2 
81,1 
81,1 
81,1 
81,1 
81,1 84,1 
81,1 
81,1 
81,1 
81,1 
81,1 
81,1 
81,1 
81,1 
81,1 
81,2 
81,2 
81,1 
81,1 
81,1 
81,1 
81,1 
81,1 
81,1 
81,1 
81,1 
81,1 
81,1 
81,1 
81,1 
81,1 
81,1 
81,1 
81,1 
81,1 
81,1 
81,1 
81,1 
81,1 
81,1 
81,1 
81,1 
81,2 
81,2 
81,2 
81,2 
81,2 
81,1 
81,2 
81,1 
81,2 
81,2 
81,1 
81,1 
81,1 
81,1 
81,1 
81,1 
81,2 
81,1 
81,1 
81,1 
81,1 
81,1 
81,1 
81,1 
81,1 
81,2 
81,1 
81,1 
81,5 
81,1 
80,8 81,6 
81,1 
81,1 
81,1 
81,1 
81,1 
81,2 
81,1 
81,1 
81,1 
81,1 
81,2 
81,1 
81,1 
81,1 
81,1 
81,1 
81,1 
81,1 
81,1 
81,1 
81,1 
81,1 
81,1 
81,1 
81,1 
81,2 
81,1 
81,1 
81,1 
81,1 
81,1 
81,1 
81,1 
81,1 
81,1 
81,3 
81,1 
81,1 
81,1 
81,3 
81,1 
81,1 
81,2 
81,1 
81,1 
81,1 
81,1 
81,1 
81,2 
81,1 
80,1 81,1 
81,1 
81,1 
81,1 
81,3 
81,1 
81,1 
81,3 
81,1 
81,1 
81,1 
81,1 
81,1 
81,1 
81,1 
81,1 
81,1 
81,1 
81,1 
81,1 
81,1 
81,1 
81,1 
81,1 
81,1 
81,1 
81,1 
81,1 
81,1 
81,1 
81,1 
81,1 
81,1 
81,1 
81,1 
81,1 
81,1 
81,1 
81,1 
81,1 
81,1 
81,2 
80,1 81,1 
81,1 
81,1 
81,1 
81,1 
81,1 
81,1 
81,1 
81,1 
81,1 
81,1 
81,1 
81,1 
81,2 
81,1 
81,1 
81,1 
81,1 
81,3 
81,1 
81,1 
81,1 
81,2 
81,2 
81,1 
81,1 
81,1 
81,1 
81,1 95,1 
81,1 
81,1 
81,1 
81,1 
81,1 
81,1 
81,1 
81,1 
81,1 
81,1 
81,1 
81,1 
81,1 
81,1 
81,1 
81,1 
81,1 
81,1 
81,1 
81,1 
81,1 
81,1 
80,1 
80,1 95,1 
80,1 
80,1 
80,1 
80,1 
80,1 
80,1 
80,1 
80,1 
80,1 
80,1 
80,1 
80,1 
80,1 
80,1 
80,1 
80,2 
80,1 
80,1 
80,1 
80,1 
80,1 
80,1 
80,1 
80,1 
80,1 
80,1 
80,1 
80,1 
80,1 
80,1 
80,1 
80,1 
80,1 
80,1 
80,1 
80,1 
80,1 
80,2 
80,7 
80,2 
80,2 
80,2 
80,2 
80,2 
80,2 
80,1 
80,2 
80,2 
80,1 
80,2 
80,2 
80,2 
80,1 
80,2 
80,1 
80,1 
80,2 
80,2 
80,2 
80,1 
80,1 
80,1 
80,1 
80,1 
80,1 
80,1 
80,1 
80,1 
80,1 
80,1 
80,1 
80,1 
80,1 
80,1 
80,1 
80,1 
80,1 
80,1 
80,1 
80,1 
80,1 
80,1 
80,1 
80,1 
80,1 
80,1 
80,1 
80,1 
80,1 
80,1 
80,1 
80,1 
80,1 
80,1 
80,1 
80,1 
80,1 
80,1 
80,1 
80,1 
80,1 
80,1 
80,1 
80,1 
80,1 
80,1 
80,1 
80,1 
80,1 
80,1 
80,1 
80,1 
80,1 
80,1 
80,1 
80,6 
80,2 
80,1 
80,1 
80,1 
80,1 
80,1 
80,1 
80,1 
80,1 
80,1 
80,1 
80,1 
80,1 
80,1 
80,1 
80,2 
80,1 
80,1 
80,1 
80,1 
80,1 
80,1 
80,1 
80,1 
80,1 
80,1 
80,1 
80,1 
80,1 
80,1 
80,1 
80,1 
80,1 
80,1 
80,1 
80,1 
80,1 
80,1 
80,1 
80,1 
80,1 
80,1 
80,1 
80,1 
80,1 
80,1 
80,1 
80,1 
80,1 
80,2 
80,1 
80,1 
80,1 
80,1 
80,1 
80,1 
80,1 
80,1 
80,1 
80,1 89,1 96,1 
80,1 
80,1 
80,1 
80,2 
80,2 
80,1 
80,1 
80,1 
80,1 
80,2 
80,1 
80,1 
80,1 
80,1 
80,1 
80,2 
80,1 
80,1 
80,2 
80,1 
80,1 
80,1 
80,1 
80,1 
80,1 
80,1 
80,1 
80,1 
80,3 
80,4 
80,2 
80,1 
80,1 
80,1 
80,1 
80,1 84,1 
80,1 
80,1 
80,1 
80,1 
80,1 
80,1 
80,1 
80,1 
80,1 
80,1 
80,1 
80,1 
80,1 
80,1 
80,1 
80,1 
80,1 
80,1 
80,1 
80,1 
80,1 
80,1 
80,1 
80,2 
80,1 
80,1 
80,1 
80,2 
80,2 
80,1 
80,1 
80,1 
80,1 
80,2 
80,1 
80,1 
80,1 
80,1 
80,1 
80,3 
80,1 
80,1 
80,1 
80,1 
80,1 
80,1 
80,2 
80,2 
80,2 
80,1 
80,1 
80,2 
80,1 
80,1 95,1 98,22 
80,2 
80,2 
80,1 
80,1 
80,1 
80,1 
80,1 
80,1 
80,1 
80,1 
80,1 
80,2 
80,1 
80,1 
80,1 
80,1 95,1 
80,1 
80,1 
80,1 
80,1 
80,1 
80,1 
80,1 
80,1 
89,1 
89,1 
89,1 
89,1 
89,2 
89,1 
89,1 
89,5 
89,1 
89,1 
89,1 
89,1 
89,1 
89,49 
89,4 
89,1 
89,4 
89,1 
89,1 
89,1 
89,1 
89,1 
89,1 
89,1 
89,3 
89,1 
89,1 
89,1 
89,3 
89,9 
89,4 
89,3 
89,1 
89,1 
89,1 
89,1 
89,1 
89,1 
89,1 
89,1 
89,1 
89,1 
89,1 
89,1 
89,2 
89,2 
89,1 
89,1 
89,1 
89,1 
89,2 
89,1 
89,2 
89,1 
89,1 
89,1 
89,1 
89,1 
89,1 
89,1 
89,1 
89,1 
89,1 
89,1 
89,1 
89,1 
89,1 
89,1 
89,1 
89,1 
89,1 
89,2 
89,2 
89,1 
89,1 
89,2 
89,1 
89,1 
89,1 
89,1 
89,3 
89,2 
89,1 
89,1 
89,2 
89,1 
89,1 
89,1 
89,1 
89,1 
89,1 
89,1 
89,1 
89,1 
89,1 
89,1 
89,1 
89,1 
89,1 
89,1 
89,1 95,2 
89,3 
89,1 
89,1 
89,1 
89,1 
89,1 
89,1 
89,1 
89,1 
89,1 
89,1 
89,1 
89,1 
89,1 
89,2 
89,1 
89,1 
89,1 
89,1 
89,1 
89,1 
89,1 
89,1 
89,1 
89,1 
89,1 
89,1 
89,1 
89,1 
89,1 
89,1 
89,1 
89,1 
89,1 
89,1 95,1 
89,1 
89,1 
89,1 
89,1 
89,1 
89,1 
89,1 
89,2 
89,1 
89,1 
89,1 
89,1 
89,1 
89,1 
89,1 
89,1 
85,1 
85,2 
85,1 
85,1 
85,1 
85,1 
85,1 
85,1 
85,1 
85,1 
85,2 
85,1 
85,1 
85,1 
85,1 
85,1 
85,1 
85,1 
85,1 
85,1 
85,1 
85,1 
85,1 
85,1 
85,1 
85,1 
85,2 
85,1 
85,1 
85,1 
85,1 
85,1 
85,1 
85,1 
85,1 
85,1 
85,1 
85,1 
85,1 
85,1 
85,1 
85,1 
85,1 
85,1 
85,1 
85,1 
78,1 
78,1 
78,1 
78,2 
78,2 
78,2 
78,2 
78,1 
78,1 
78,1 
78,1 
78,1 
78,1 
78,1 
78,1 
78,1 
78,1 
78,1 
78,1 
78,1 
78,1 
78,1 
84,1 
84,1 
84,1 
84,1 
84,1 
84,1 
84,1 
84,1 
84,1 
84,1 
84,1 
84,1 
84,1 
84,1 
84,1 
84,1 
84,1 
84,1 
84,1 
84,1 
84,1 
84,1 
84,1 
84,1 
84,1 
84,1 
84,1 
84,1 
84,1 
84,1 
84,1 
84,1 
84,1 
84,1 
84,1 
84,1 
84,1 
84,1 
84,1 
84,1 
84,1 
84,1 
84,1 
84,1 
84,1 
84,1 
84,1 
84,1 
84,1 
84,1 
84,1 
84,1 
84,1 
84,1 
84,1 
84,1 
84,1 
84,1 
84,1 
84,1 
84,2 
84,1 
84,1 
84,1 
84,1 
84,1 
84,1 
84,1 
84,1 
84,1 
84,1 
84,1 
84,1 
84,1 
84,1 
84,1 
84,1 
84,1 
84,1 
84,1 
84,1 
84,1 
84,1 
84,1 
84,1 
84,1 
84,1 
84,1 
84,1 
84,1 
84,1 
84,1 
84,1 
84,1 
84,1 
84,1 
84,1 
84,1 
84,1 
84,1 
84,1 
84,1 
84,1 96,1 
84,1 
84,1 
84,1 
84,1 
84,1 
84,1 
84,1 
84,1 
84,1 
84,1 
84,1 
84,1 
84,1 
84,1 
91,1 
91,1 
91,2 
91,1 
91,1 
91,1 
91,1 
91,1 
91,1 
91,1 
91,1 
91,1 
91,1 
91,2 
91,1 
91,3 
91,2 
91,1 
91,1 
91,2 
91,1 
91,1 
91,1 
91,1 
91,1 
91,3 
91,1 
91,1 
91,1 
91,1 
91,1 
91,1 
91,1 
91,1 
91,2 
91,1 
91,1 
91,1 
91,1 
91,1 
91,1 
91,9 
91,8 
91,1 
91,1 
91,1 
91,1 
91,1 
91,1 
91,1 96,1 99,1 
91,1 
91,1 
91,1 
91,1 
91,1 
88,1 
88,1 
88,1 
88,1 
88,1 
88,1 
88,1 
88,1 
88,1 
88,1 
88,1 
88,1 
88,1 
88,1 
79,1 
100,1 
100,1 
100,1 
100,1 
100,1 
98,7 
98,2 
98,1 
98,1 
98,1 
98,1 
98,1 
98,1 
98,3 
98,2 
98,1 
98,4 
98,1 
98,1 
98,1 
98,1 
98,12 
98,10 
98,1 
98,1 
98,1 
98,1 
98,1 
98,1 
98,1 
98,1 
98,1 
98,1 
98,2 
98,1 
98,1 
98,3 
98,2 
98,2 
98,2 
98,1 
98,1 
98,1 
98,1 
98,1 
98,1 
98,1 
98,1 
98,1 
98,1 
98,1 
98,1 
98,1 
98,1 
98,1 
98,1 
98,2 
98,1 
98,2 
98,1 
98,1 
98,1 
98,1 
98,1 
98,1 
98,1 
98,1 
98,2 
98,1 
98,2 
98,1 
98,1 
98,1 
98,1 
98,1 
98,1 
98,1 
98,1 
98,1 
98,1 
98,1 
98,1 
98,2 
98,1 
98,1 
98,2 
98,1 
98,1 
98,1 
98,1 
98,1 
98,1 
98,1 
98,1 
98,1 
98,1 
98,1 
98,1 
98,1 
98,2 
98,1 
98,1 
98,1 
98,1 
98,1 
98,1 
98,1 
98,1 
98,1 
98,1 
98,1 
98,1 
98,1 
98,1 
98,1 
98,1 
98,1 
98,1 
97,2 
97,1 
97,1 
97,1 
97,1 
97,1 
99,1 
99,1 
99,1 
99,1 
99,1 
99,1 
99,1 
99,1 
99,1 
99,1 
96,1 99,1 
99,1 
99,1 
99,1 
99,1 
99,1 
99,1 
99,1 
99,1 
99,1 
99,1 
99,1 
99,1 
99,1 
99,1 
99,1 
99,1 
99,1 
99,1 
99,1 
99,1 
99,1 
99,1 
99,1 
99,1 
99,1 
99,2 
99,1 
99,2 
99,2 
99,2 
99,2 
99,1 
99,1 
99,2 
99,1 
99,1 
99,1 
95,1 99,1 
99,1 
99,1 
99,2 
99,1 
99,1 
99,1 
99,1 
99,1 
99,2 
99,1 
99,1 
99,1 
99,1 
99,1 
99,1 
99,1 
99,1 
99,1 
99,1 
99,1 
99,1 
99,1 
99,1 
99,1 
99,1 
99,1 
99,1 
99,1 
99,1 
99,1 
99,1 
99,1 
99,1 
99,1 
99,1 
99,1 
99,1 
99,1 
99,2 
99,1 
99,1 
99,1 
99,1 
96,4 
96,1 
96,1 
96,2 
96,3 
96,3 
96,3 
96,3 
96,3 
96,1 
96,2 
96,3 
96,2 
96,2 
96,2 
96,1 
96,1 
96,1 
96,1 
96,1 
96,1 
96,1 
96,1 
96,1 
96,1 
96,1 
96,1 
96,1 
96,1 
96,1 
96,1 
96,2 
96,1 
96,1 
96,1 
96,1 
96,1 
96,1 
96,1 
96,1 
96,1 
96,2 
96,1 
96,1 
96,1 
96,1 
96,2 
96,1 
96,3 
96,1 
96,1 
96,1 
96,1 
96,1 
96,1 
96,1 
96,1 
96,1 
96,1 
96,1 
96,1 
96,1 
96,1 
96,2 
96,2 
96,1 
96,1 
96,1 
96,1 
96,1 
96,1 
96,1 
96,1 
96,1 
96,1 
96,1 
96,1 
96,1 
96,1 
96,1 
96,2 
96,1 
96,1 
96,1 
96,1 
96,1 
96,1 
96,1 
96,1 
95,1 
95,1 
95,1 
95,1 
95,1 
95,1 
95,1 
95,1 
95,1 
95,1 
95,2 
95,1 
95,1 
95,1 
95,1 
95,1 
95,1 
95,1 
95,1 
95,1 
95,1 
95,1 
95,1 
95,1 
95,1 
95,1 
95,1 
95,1 
95,1 
95,1 
95,1 
95,1 
95,1 
95,1 
95,1 
95,1 
95,1 
95,1 
95,1 
95,4 
95,2 
95,1 
95,1 
95,1 
95,1 
95,1 
95,1 
95,1 
95,1 
95,2 
95,1 
95,1 
95,1 
95,1 
95,1 
95,1 
95,1 
95,1 
95,1 
95,1 
95,1 
95,1 
95,1 
95,1 
95,1 
95,1 
95,1 
95,1 
95,1 
95,1 
95,1 
95,1 
95,1 
95,1 
95,13 
95,1 
95,1 
95,1 
95,2 
95,2 
95,1 
95,1 
95,1 
95,1 
95,1 
95,1 
95,1 
95,1 
95,1 
95,1 
95,1 
95,4 
95,1 
95,1 
95,1 
95,1 
95,1 
95,1 
95,1 
95,1 
95,1 
95,2 
95,1 
95,1 
95,1 
95,1 
95,1 
95,1 
95,1 
95,1 
95,1 
95,1 
95,1 
95,1 
95,1 
95,1 
95,1 
95,1 
95,1 
95,1 
95,1 
95,1 
95,1 
95,2 
95,1 
95,1 
95,1 
95,4 
95,1 
95,1 
95,1 
95,1 
95,1 
95,1 
95,1 
95,1 
95,1 
95,1 
95,1 
95,1 
95,1 
95,4 
95,1 
95,1 
95,1 
95,1 
95,1 
95,1 
95,1 
95,1 
95,1 
95,1 
95,1 
95,1 
95,1 
95,1 
95,1 
95,1 
95,1 
95,1 
95,1 
95,1 
95,1 
95,1 
95,1 
95,1 
95,1 
95,1 
95,1 
95,1 
95,1 
95,1 
95,1 
95,1 
95,1 
95,1 
95,1 
95,1 
95,1 
95,1 
95,1 
95,2 
95,1 
95,2 
95,2 
95,1 
95,2 
95,1 
95,1 
95,1 
95,1 
95,1 
95,1 
95,1 
95,1 
95,1 
95,1 
95,1 
95,1 
95,1 
95,1 
95,1 
95,1 
95,1 
95,1 
95,3 
95,1 
95,1 
95,1 
95,1 
95,1 
95,1 
95,2 
95,1 
95,1 
95,1 
95,1 
95,1 
95,1 
95,1 
95,1 
95,1 
95,3 
95,1 
95,1 
95,1 
95,1 
95,1 
95,1 
95,1 
95,1 
95,1 
95,1 
95,1 
95,1 
95,1 
95,1 
95,1 
95,1 
95,1 
95,1 
95,1 
95,1 
95,1 
95,1 
95,1 
95,1 
95,1 
95,1 
95,2 
95,1 
95,1 
95,1 
95,1 
95,1 
95,1 
95,1 
95,1 
95,1 
95,1 
95,2 
95,1 
95,2 
95,1 
95,1 
95,1 
95,1 
95,1 
95,1 
95,1 
95,1 
95,2 
95,2 
95,1 
95,1 
95,1 
95,1 
95,1 
95,1 
95,1 
95,1 
95,1 
95,1 
95,1 
95,1 
95,1 
95,1 
95,1 
95,1 
95,1 
95,1 
95,1 
95,1 
95,1 
95,1 
95,1 
95,1 
95,1 
95,1 
95,1 
95,1 
95,1 
95,1 
95,1 
95,1 
95,1 
95,1 
95,1 
95,1 
95,1 
95,1 
95,1 
95,1 
95,1 
95,1 
95,1 
95,1 
95,1 
95,1 
95,1 
95,3 
95,1 
95,1 
95,1 
95,1 
95,1 
95,1 
95,1 
95,1 
95,2 
95,1 
95,1 
95,1 
95,1 
95,1 
95,1 
95,1 
95,1 
95,1 
95,1 
95,1 
95,1 
95,1 
95,1 
95,1 
95,1 
95,1 
95,1 
95,1 
95,1 
95,1 
95,1 
95,1 
95,1 
95,1 
95,1 
95,1 
95,1 
95,1 
95,1 
95,1 
95,1 
95,1 
95,1 
95,1 
95,1 
95,3 
95,1 
95,1 
95,1 
95,1 
95,1 
95,1 
95,1 
95,1 
95,1 
95,1 
95,1 
95,1 
95,1 
95,1 
95,1 
95,1 
95,1 
95,1 
95,1 
95,1 
95,1 
95,1 
95,1 
95,1 
95,1 
95,1 
95,1 
95,1 
95,1 
95,1 
95,1 
95,1 
95,1 
95,1 
95,1 
95,1 
95,1 
95,1 
95,1 
95,1 
95,1 
95,1 
95,1 
95,1 
95,1 
95,2 
95,1 
95,1 
95,1 
95,1 
95,1 
95,1 
95,1 
95,1 
95,1 
95,1 
95,1 
95,1 
95,1 
95,1 
95,1 
95,1 
95,1 
95,1 
95,1 
95,1 
95,1 
95,1 
95,1 
95,1 
95,1 
95,1 
95,1 
95,1 
95,1 
95,1 
95,1 
95,1 
95,1 
95,1 
95,1 
95,1 
95,1 
95,1 
95,1 
95,1 
95,1 
95,1 
95,1 
95,1 
95,1 
95,1 
95,1 
95,1 
95,1 
95,1 
95,2 
95,1 
95,1 
95,1 
95,1 
95,1 
95,1 
95,1 
95,1 
95,1 
95,1 
95,1 
95,1 
95,1 
95,1 
95,1 
95,1 
95,1 
95,1 
95,1 
95,1 
95,1 
95,1 
95,1 
95,3 
95,3 
95,1 
95,1 
95,1 
95,1 
95,1 
95,1 
95,1 
95,1 
95,1 
95,1 
95,1 
95,1 
95,1 
95,1 
95,1 
95,1 
95,1 
95,1 
95,1 
95,1 
95,1 
95,1 
95,1 
95,1 
95,1 
95,1 
95,1 
95,1 
95,1 
95,1 
95,2 
95,1 
95,1 
95,1 
95,1 
95,1 
95,1 
95,1 
95,1 
95,1 
95,1 
95,1 
95,1 
95,1 
95,1 
95,1 
95,1 
95,2 
95,1 
95,1 
95,1 
95,2 
95,1 
95,1 
95,1 
95,1 
95,1 
95,1 
95,1 
95,1 
95,1 
95,1 
95,1 
95,1 
95,1 
95,1 
95,1 
95,1 
95,1 
95,1 
95,1 
95,1 
95,1 
95,1 
95,1 
95,1 
95,1 
95,1 
95,1 
95,1 
95,1 
95,1 
95,1 
95,1 
95,1 
95,1 
95,1 
95,1 
95,1 
95,1 
95,1 
95,1 
95,1 
95,1 
95,1 
95,1 
95,1 
95,1 
95,1 
95,1 
95,1 
95,1 
95,1 
95,1 
95,1 
95,1 
95,1 
95,1 
95,1 
95,1 
95,1 
95,1 
95,1 
95,1 
95,1 
95,1 
95,1 
95,1 
95,1 
95,1 
95,1 
95,1 
95,1 
95,1 
95,1 
95,1 
95,1 
95,1 
95,1 
95,1 
95,1 
